E6
1.000000 0.062500 1.000000 1.000000 0.031250 0.000000 0.
0.00000 1.60381e-28 3.72336e-25 5.24289e-22 4.47773e-19 2.31952e-16 7.28772e-14 1.38879e-11 1.60523e-09 1.12535e-07 4.78512e-06 1.23410e-04 1.93045e-03 1.83156e-02 1.05399e-01 3.67879e-01 7.78801e-01 1.00000e+00 7.78801e-01 3.67879e-01 1.05399e-01 1.83156e-02 1.93045e-03 1.23410e-04 4.78512e-06 1.12535e-07 1.60523e-09 1.38879e-11 7.28772e-14 2.31952e-16 4.47773e-19 5.24289e-22 3.72336e-25 
0.03125 5.80663e-13 8.24949e-11 -2.60244e-10 -3.20806e-09 4.56624e-08 -5.41399e-08 -9.33897e-07 7.04866e-06 -4.20363e-06 -9.23965e-05 1.90433e-04 6.03431e-04 2.07036e-03 1.74366e-02 1.00332e-01 3.70916e-01 7.91223e-01 9.93202e-01 7.67528e-01 3.73029e-01 1.10513e-01 1.69950e-02 6.47336e-04 1.59386e-04 1.40374e-04 1.48278e-05 -1.89268e-06 2.38594e-07 8.54026e-08 -3.91401e-09 -1.39794e-10 1.31418e-10 
0.06250 -5.32758e-09 4.10893e-08 -8.07976e-08 -1.01801e-07 1.30392e-06 -4.69914e-06 1.07682e-05 -1.90809e-05 2.52134e-05 4.52088e-05 -4.19077e-04 8.53712e-04 4.37069e-04 2.83535e-03 1.66526e-02 9.31822e-02 3.77707e-01 8.01527e-01 9.84556e-01 7.59520e-01 3.77176e-01 1.14598e-01 1.64439e-02 -5.53840e-04 -1.32374e-05 2.96271e-04 6.16088e-05 -1.04242e-05 -2.26940e-06 1.01068e-06 8.57546e-08 -5.68086e-08 
0.09375 1.55066e-07 -9.10932e-07 2.27134e-06 -4.38512e-06 5.10000e-06 3.31188e-06 -3.64656e-05 1.14868e-04 -2.53948e-04 4.25278e-04 -3.84617e-04 -4.41529e-04 1.79884e-03 -9.90549e-04 5.99013e-03 1.32605e-02 8.65423e-02 3.87194e-01 8.08691e-01 9.76125e-01 7.53343e-01 3.80459e-01 1.18180e-01 1.62982e-02 -1.66014e-03 -2.96537e-04 4.32745e-04 1.31553e-04 -1.50960e-05 -8.77199e-06 1.50609e-06 6.40602e-07 
0.12500 2.90493e-06 -9.91158e-07 -4.22700e-06 2.02578e-05 -5.72487e-05 1.21638e-04 -1.99840e-04 2.35084e-04 -1.12448e-04 -3.24093e-04 1.14119e-03 -1.89026e-03 1.33994e-03 7.43378e-04 -1.27180e-03 1.00643e-02 6.95335e-03 8.22775e-02 3.97337e-01 8.13533e-01 9.68415e-01 7.48196e-01 3.83152e-01 1.21432e-01 1.63903e-02 -2.66307e-03 -6.48509e-04 5.38717e-04 2.17143e-04 -1.28506e-05 -1.75394e-05 -1.84936e-07 
0.15625 -1.14935e-05 3.31570e-05 -6.40929e-05 1.09979e-04 -1.49568e-04 1.34535e-04 9.60019e-06 -3.46719e-04 8.45729e-04 -1.26968e-03 1.11412e-03 1.69690e-04 -2.29200e-03 3.37286e-03 -2.14550e-03 9.72628e-04 1.29233e-02 -7.57660e-04 8.03641e-02 4.07132e-01 8.16874e-01 9.61404e-01 7.43705e-01 3.85435e-01 1.24421e-01 1.66396e-02 -3.56676e-03 -1.04542e-03 6.13230e-04 3.11298e-04 -2.43601e-06 -2.52618e-05 
0.18750 -1.01792e-04 9.20175e-05 -1.04499e-04 6.86242e-05 7.20035e-05 -3.40531e-04 6.89292e-04 -9.42323e-04 8.03424e-04 -5.23695e-06 -1.37205e-03 2.53388e-03 -2.07644e-03 -6.18240e-04 3.73045e-03 -5.03777e-03 5.06911e-03 1.38587e-02 -8.65440e-03 8.02169e-02 4.16267e-01 8.19231e-01 9.54980e-01 7.39687e-01 3.87416e-01 1.27193e-01 1.70004e-02 -4.38014e-03 -1.47273e-03 6.63307e-04 3.94235e-04 5.06160e-05 
0.21875 -7.78644e-05 -2.29348e-05 1.01276e-04 -3.21489e-04 5.83436e-04 -7.45758e-04 6.17759e-04 -4.11072e-05 -9.15436e-04 1.78701e-03 -1.77577e-03 2.64238e-04 2.25796e-03 -3.71667e-03 2.02735e-03 2.19702e-03 -6.75283e-03 9.91961e-03 1.30424e-02 -1.61268e-02 8.12974e-02 4.24708e-01 8.20904e-01 9.49044e-01 7.36033e-01 3.89162e-01 1.29775e-01 1.74528e-02 -5.13453e-03 -1.87482e-03 6.09790e-04 5.96282e-04 
0.25000 6.58962e-04 -2.84840e-04 4.47394e-04 -6.23609e-04 4.99725e-04 -4.90805e-05 -6.64666e-04 1.33941e-03 -1.45255e-03 5.71404e-04 1.15188e-03 -2.64214e-03 2.30328e-03 4.88681e-04 -3.83807e-03 4.35810e-03 -5.27719e-04 -6.99930e-03 1.47431e-02 1.08881e-02 -2.29468e-02 8.32273e-02 4.32500e-01 8.22080e-01 9.43514e-01 7.32688e-01 3.90689e-01 1.32247e-01 1.78859e-02 -5.69724e-03 -2.44549e-03 7.00334e-04 
0.28125 1.32949e-03 8.47169e-05 4.68696e-04 -1.15986e-04 -5.29149e-04 1.05709e-03 -1.20454e-03 6.56641e-04 5.61567e-04 -1.82020e-03 2.06992e-03 -5.92219e-04 -1.99523e-03 3.49076e-03 -1.74043e-03 -2.59453e-03 5.70787e-03 -3.67748e-03 -5.94763e-03 1.91271e-02 7.77764e-03 -2.90560e-02 8.57422e-02 4.39722e-01 8.22847e-01 9.38394e-01 7.29502e-01 3.92172e-01 1.34440e-01 1.84980e-02 -6.26151e-03 -3.11955e-03 
0.31250 -2.08989e-03 7.63651e-04 3.07978e-04 9.37041e-04 -1.08686e-03 6.33077e-04 2.38627e-04 -1.26775e-03 1.73049e-03 -9.91234e-04 -8.12175e-04 2.45811e-03 -2.25259e-03 -3.63916e-04 3.45028e-03 -3.58153e-03 -5.52891e-04 5.95039e-03 -6.72371e-03 -3.89159e-03 2.28801e-02 4.03069e-03 -3.45121e-02 8.87331e-02 4.46330e-01 8.23431e-01 9.33465e-01 7.26616e-01 3.93516e-01 1.36321e-01 1.96745e-02 -7.71683e-03 
0.34375 -8.44272e-03 -2.06518e-03 -1.10923e-04 1.42038e-03 1.83547e-04 -9.81225e-04 1.38703e-03 -1.08975e-03 -1.38759e-04 1.60454e-03 -2.08367e-03 7.73295e-04 1.67685e-03 -3.08327e-03 1.45689e-03 2.42103e-03 -4.64254e-03 1.75397e-03 5.21000e-03 -9.33917e-03 -1.16605e-03 2.60186e-02 -2.35923e-04 -3.92244e-02 9.19205e-02 4.52521e-01 8.23835e-01 9.28557e-01 7.24467e-01 3.93776e-01 1.39503e-01 1.92302e-02 
0.37500 1.11431e-02 -7.37770e-03 -3.48201e-03 1.44756e-04 2.00968e-03 -8.81322e-04 1.41700e-04 9.44429e-04 -1.71918e-03 1.21001e-03 5.04713e-04 -2.15961e-03 2.06843e-03 2.63446e-04 -2.96157e-03 2.91647e-03 8.15763e-04 -4.83121e-03 3.89574e-03 3.78563e-03 -1.14837e-02 2.11550e-03 2.84173e-02 -4.75958e-03 -4.32460e-02 9.50085e-02 4.58882e-01 8.23115e-01 9.25121e-01 7.21253e-01 3.94464e-01 1.43449e-01 
0.40625 1.20849e-01 1.34632e-02 -8.10575e-03 -4.42121e-03 9.01684e-04 1.59551e-03 -1.15130e-03 1.21477e-03 -2.36472e-04 -1.31168e-03 1.94613e-03 -8.35220e-04 -1.38225e-03 2.65606e-03 -1.22507e-03 -2.07856e-03 3.70993e-03 -8.96886e-04 -4.35709e-03 5.76184e-03 1.79269e-03 -1.30478e-02 5.81960e-03 2.98493e-02 -8.84101e-03 -4.76003e-02 9.92539e-02 4.64025e-01 8.22214e-01 9.24073e-01 7.11802e-01 4.06426e-01 
0.43750 3.68994e-01 1.23845e-01 1.39528e-02 -8.23164e-03 -5.57418e-03 1.95948e-03 4.44820e-04 -3.87866e-04 1.47844e-03 -1.31404e-03 -2.79090e-04 1.85912e-03 -1.85026e-03 -1.61834e-04 2.45790e-03 -2.33006e-03 -8.54797e-04 3.90810e-03 -2.52036e-03 -3.36770e-03 7.34089e-03 -8.82993e-04 -1.34421e-02 8.89242e-03 3.14879e-02 -1.33697e-02 -5.22637e-02 1.06729e-01 4.61711e-01 8.34515e-01 9.00689e-01 7.33694e-01 
0.46875 6.96919e-01 3.70623e-01 1.24608e-01 1.66001e-02 -1.07896e-02 -4.61241e-03 1.60195e-03 -1.87809e-04 7.05247e-04 9.67578e-04 -1.81617e-03 8.47098e-04 1.10256e-03 -2.21564e-03 9.93618e-04 1.75375e-03 -2.94393e-03 4.08208e-04 3.73747e-03 -4.21835e-03 -1.45782e-03 7.78483e-03 -3.21735e-03 -1.31857e-02 1.04775e-02 3.67780e-02 -2.63734e-02 -4.18154e-02 9.14993e-02 4.91591e-01 8.03009e-01 9.28887e-01 
0.50000 9.18834e-01 6.95147e-01 3.69930e-01 1.28655e-01 1.57125e-02 -1.10992e-02 -4.25352e-03 8.03502e-04 -1.79922e-04 1.60527e-03 1.64256e-05 -1.60518e-03 1.58662e-03 1.05717e-04 -1.99012e-03 1.77635e-03 9.59914e-04 -3.39610e-03 2.03839e-03 2.66357e-03 -5.34366e-03 1.28518e-03 5.46758e-03 -4.24482e-04 -2.20955e-02 2.80137e-02 1.75073e-02 -5.93358e-03 -7.37094e-02 1.26760e-01 4.66152e-01 8.24750e-01 
0.53125 8.54682e-01 9.14957e-01 6.92344e-01 3.71290e-01 1.30777e-01 1.55298e-02 -1.11956e-02 -4.13863e-03 -2.23761e-04 4.58814e-04 1.93514e-03 -8.80228e-04 -9.09279e-04 1.73271e-03 -6.40508e-04 -1.66570e-03 2.53928e-03 -1.89552e-04 -3.55342e-03 4.57984e-03 -1.73729e-03 1.05808e-04 -6.72732e-03 1.99305e-02 -2.27794e-02 3.59664e-03 2.46987e-03 4.77997e-02 -3.85291e-02 -5.50053e-02 1.22194e-01 4.64632e-01 
0.56250 5.16290e-01 8.53295e-01 9.12015e-01 6.88834e-01 3.73636e-01 1.32078e-01 1.54881e-02 -1.08159e-02 -4.63563e-03 -9.75699e-04 1.37428e-03 1.63823e-03 -1.27117e-03 -3.04765e-04 1.68896e-03 -1.20828e-03 -1.63578e-03 4.60928e-03 -5.07068e-03 3.78467e-03 -5.17944e-03 1.21234e-02 -2.02873e-02 2.00786e-02 -9.07249e-03 4.29038e-03 -2.19865e-02 2.51393e-02 3.94623e-02 -4.99445e-02 -3.34810e-02 9.26479e-02 
0.59375 1.29593e-01 5.19576e-01 8.53723e-01 9.06524e-01 6.88110e-01 3.74572e-01 1.33460e-01 1.56653e-02 -1.02980e-02 -5.66643e-03 -1.11243e-03 2.00294e-03 1.12932e-03 -1.07358e-03 -6.72049e-04 3.62147e-03 -6.06896e-03 6.59194e-03 -6.77925e-03 9.79054e-03 -1.58648e-02 2.01624e-02 -1.71538e-02 8.31761e-03 -3.48451e-03 7.93802e-03 -4.34666e-03 -2.82550e-02 5.02415e-02 4.77960e-03 -1.31237e-02 -7.32078e-02 
0.62500 -6.93807e-02 1.33172e-01 5.24390e-01 8.51524e-01 9.03767e-01 6.85933e-01 3.76210e-01 1.34150e-01 1.65172e-02 -1.01563e-02 -6.87111e-03 -3.90284e-04 1.01799e-03 3.40664e-03 -5.93255e-03 7.88361e-03 -8.81089e-03 1.00165e-02 -1.33639e-02 1.75276e-02 -1.81596e-02 1.25247e-02 -3.69744e-03 -1.96099e-03 3.54883e-03 -1.03276e-02 2.90763e-02 -3.99211e-02 1.30274e-02 1.42720e-02 3.53362e-02 -3.61225e-02 
0.65625 -4.94634e-02 -7.13428e-02 1.38443e-01 5.27171e-01 8.51045e-01 8.99774e-01 6.84809e-01 3.77244e-01 1.34651e-01 1.84411e-02 -1.21507e-02 -4.44813e-03 -5.64367e-03 9.79063e-03 -9.50466e-03 1.11065e-02 -1.27593e-02 1.51379e-02 -1.65959e-02 1.37041e-02 -5.81905e-03 -3.33414e-03 9.42520e-03 -1.30650e-02 1.94213e-02 -2.91495e-02 3.04290e-02 -1.10830e-02 -1.00455e-02 -4.90737e-03 2.34333e-02 3.78489e-02 
0.68750 3.34866e-02 -5.57280e-02 -7.07616e-02 1.42250e-01 5.30524e-01 8.50183e-01 8.95661e-01 6.84993e-01 3.75594e-01 1.39527e-01 1.34223e-02 -3.40455e-03 -1.80545e-02 1.17933e-02 -1.14309e-02 1.45582e-02 -1.45539e-02 1.27459e-02 -6.92330e-03 -2.40009e-03 1.12146e-02 -1.65526e-02 1.95301e-02 -2.30218e-02 2.55994e-02 -2.01578e-02 3.50423e-03 1.13955e-02 -5.42234e-03 -7.99439e-03 -1.23530e-02 3.47725e-02 
0.71875 4.38597e-02 3.02866e-02 -5.98647e-02 -7.04926e-02 1.45238e-01 5.35544e-01 8.46064e-01 8.96874e-01 6.77284e-01 3.85652e-01 1.27416e-01 3.18463e-02 -2.52373e-02 5.74103e-03 -1.34625e-02 1.27401e-02 -5.82415e-03 -1.48823e-03 1.08173e-02 -1.82306e-02 2.14180e-02 -2.19267e-02 2.15104e-02 -1.85545e-02 9.44934e-03 4.53203e-03 -1.34311e-02 8.06432e-03 2.65991e-03 2.81959e-03 -1.45746e-02 -1.12941e-02 
0.75000 -4.52424e-03 4.73121e-02 2.63320e-02 -6.18252e-02 -7.37534e-02 1.54091e-01 5.31500e-01 8.54759e-01 8.80276e-01 6.93799e-01 3.64576e-01 1.52906e-01 7.70300e-03 -2.36049e-03 -1.34540e-02 -2.05373e-03 1.17177e-02 -1.74380e-02 2.27233e-02 -2.28690e-02 1.99862e-02 -1.59459e-02 9.56689e-03 2.51272e-04 -1.03191e-02 1.34286e-02 -6.23939e-03 -3.17047e-03 2.46569e-03 3.71740e-03 6.35163e-03 -2.27656e-02 
0.78125 -2.78756e-02 1.49518e-03 4.55841e-02 2.90549e-02 -7.32062e-02 -6.32211e-02 1.44058e-01 5.52220e-01 8.31925e-01 9.01521e-01 6.68040e-01 3.87411e-01 1.36728e-01 1.82679e-02 -2.39353e-03 -2.59751e-02 2.20887e-02 -2.20870e-02 2.10503e-02 -1.44788e-02 7.95936e-03 -7.30577e-04 -7.32148e-03 1.25636e-02 -1.06142e-02 1.94374e-03 5.85940e-03 -5.43575e-03 6.65746e-04 -3.34647e-03 9.99920e-03 3.10204e-03 
0.81250 -6.90451e-03 -2.27676e-02 -3.43021e-03 5.84028e-02 1.19753e-02 -5.88188e-02 -8.44531e-02 1.71686e-01 5.30886e-01 8.52216e-01 8.82563e-01 6.75159e-01 3.89488e-01 1.25029e-01 4.32644e-02 -3.62285e-02 1.20876e-02 -1.53024e-02 8.50468e-03 9.10483e-04 -6.09384e-03 1.05909e-02 -1.11953e-02 5.65642e-03 2.99080e-03 -8.15307e-03 5.97325e-03 -7.64948e-04 1.07351e-04 -2.10020e-03 -4.86548e-03 1.70870e-02 
0.84375 9.17008e-03 1.60737e-03 -3.76891e-02 1.79176e-02 3.85810e-02 3.26380e-02 -8.57381e-02 -6.33548e-02 1.60302e-01 5.40468e-01 8.53904e-01 8.66070e-01 6.98505e-01 3.56603e-01 1.64322e-01 6.73381e-03 -5.86011e-03 -8.16357e-03 -7.49232e-03 1.13076e-02 -9.35372e-03 7.06869e-03 -1.33227e-04 -6.92186e-03 8.60020e-03 -4.16326e-03 -1.54702e-03 3.21152e-03 -2.46028e-03 5.78082e-03 -1.12740e-02 5.60493e-03 
0.87500 -5.79738e-03 2.72272e-02 -2.21529e-02 -1.47570e-02 -1.73770e-03 5.98187e-02 1.56944e-02 -8.32128e-02 -5.87268e-02 1.49145e-01 5.67904e-01 8.19486e-01 9.01159e-01 6.60428e-01 3.87537e-01 1.45655e-01 1.50166e-02 -2.83423e-03 -1.90180e-02 5.65717e-03 -1.34898e-05 -3.72382e-03 8.64198e-03 -6.89963e-03 6.19189e-04 4.67978e-03 -5.74461e-03 4.61521e-03 -5.74821e-03 8.07836e-03 -5.09788e-03 -1.08372e-03 
0.90625 -2.27527e-02 1.88409e-02 4.52807e-03 -5.57414e-03 -2.76539e-02 6.03912e-03 6.62611e-02 -2.97519e-03 -6.08092e-02 -9.13329e-02 1.89943e-01 5.33865e-01 8.48479e-01 8.78910e-01 6.66737e-01 3.91522e-01 1.35839e-01 2.92839e-02 -1.47310e-02 -1.29144e-02 5.88782e-03 -5.97255e-03 4.14060e-03 3.57159e-03 -7.53467e-03 6.96880e-03 -5.16933e-03 5.37900e-03 -6.93626e-03 6.28422e-03 -4.90498e-03 1.06201e-02 
0.93750 -1.39639e-02 -3.98711e-03 8.47549e-03 7.43938e-03 -1.53709e-03 -4.39904e-02 3.52004e-02 3.39525e-02 3.09354e-02 -9.95511e-02 -6.09522e-02 1.73893e-01 5.43509e-01 8.51036e-01 8.65109e-01 6.79712e-01 3.79697e-01 1.43984e-01 2.94353e-02 -2.00035e-02 -5.58729e-03 -9.81920e-05 -5.49257e-03 1.00852e-02 -6.96496e-03 4.86843e-03 -5.51558e-03 7.49292e-03 -8.56405e-03 9.37201e-03 -1.34355e-02 1.84847e-02 
0.96875 7.72780e-03 -1.28233e-02 4.30577e-03 -7.53302e-03 3.31794e-02 -3.70854e-02 -6.96676e-03 3.05872e-03 6.38292e-02 8.80115e-03 -9.50601e-02 -5.63784e-02 1.65635e-01 5.60319e-01 8.36979e-01 8.70399e-01 6.77455e-01 3.75592e-01 1.52377e-01 2.38799e-02 -1.87292e-02 -7.38520e-04 -1.10130e-02 8.11395e-03 -3.78132e-03 6.56508e-03 -9.34041e-03 1.09168e-02 -1.18396e-02 1.32156e-02 -1.31631e-02 6.14245e-03 
1.00000 1.85044e-02 -1.15208e-02 1.33695e-02 -2.82353e-02 3.00574e-02 -2.41098e-03 -1.07024e-02 -2.49891e-02 1.31258e-02 6.83150e-02 -6.02378e-03 -8.25755e-02 -6.91412e-02 1.77331e-01 5.60659e-01 8.31757e-01 8.75149e-01 6.70032e-01 3.77962e-01 1.57873e-01 1.38822e-02 -4.38363e-03 -1.64224e-02 3.57982e-03 -6.49635e-03 1.23813e-02 -1.21743e-02 1.15802e-02 -1.01173e-02 6.15719e-03 2.24947e-03 -1.28636e-02 
