I6
1.000000 0.062500 1.000000 1.000000 0.031250 0.000000
0.00000 1.60381e-28 3.72336e-25 5.24289e-22 4.47773e-19 2.31952e-16 7.28772e-14 1.38879e-11 1.60523e-09 1.12535e-07 4.78512e-06 1.23410e-04 1.93045e-03 1.83156e-02 1.05399e-01 3.67879e-01 7.78801e-01 1.00000e+00 7.78801e-01 3.67879e-01 1.05399e-01 1.83156e-02 1.93045e-03 1.23410e-04 4.78512e-06 1.12535e-07 1.60523e-09 1.38879e-11 7.28772e-14 2.31952e-16 4.47773e-19 5.24289e-22 3.72336e-25 
0.03125 -9.28220e-09 7.19594e-09 -4.44447e-08 1.83979e-07 -6.04127e-07 1.75835e-06 -4.73039e-06 1.20025e-05 -2.79108e-05 7.35644e-05 -4.84675e-05 7.38527e-04 1.96529e-03 1.55754e-02 1.04186e-01 3.73242e-01 7.83019e-01 9.92723e-01 7.75240e-01 3.72491e-01 1.06491e-01 1.72773e-02 1.82508e-03 1.27617e-04 -3.55801e-06 6.32380e-06 -3.27323e-06 1.56717e-06 -6.95560e-07 2.90083e-07 -1.12492e-07 3.81038e-08 
0.06250 -4.28322e-06 7.50559e-06 -1.24225e-05 1.91684e-05 -2.71138e-05 3.39307e-05 -3.46176e-05 2.14526e-05 1.43465e-05 -7.28851e-05 1.79436e-04 -1.97352e-04 1.68266e-03 1.44785e-03 1.31726e-02 1.02987e-01 3.78936e-01 7.86303e-01 9.85963e-01 7.72269e-01 3.76170e-01 1.07950e-01 1.63808e-02 1.51752e-03 2.18027e-04 -2.32422e-05 2.84804e-06 3.27013e-06 -2.77699e-06 1.73670e-06 -1.57594e-06 2.38385e-06 
0.09375 -1.54569e-05 1.34595e-05 -5.38469e-06 -1.26426e-05 4.43258e-05 -9.17601e-05 1.52499e-04 -2.15793e-04 2.60603e-04 -2.60589e-04 2.19574e-04 -1.24336e-04 8.61379e-05 2.37998e-03 9.06567e-04 1.07116e-02 1.02075e-01 3.84763e-01 7.88724e-01 9.79884e-01 7.69517e-01 3.79290e-01 1.09594e-01 1.56082e-02 1.10905e-03 3.13621e-04 -2.35151e-05 -6.76533e-06 3.27029e-06 5.24170e-06 -1.10002e-05 1.41043e-05 
0.12500 5.31831e-05 -8.53258e-05 1.23002e-04 -1.59518e-04 1.84431e-04 -1.84324e-04 1.45245e-04 -5.83473e-05 -7.09206e-05 2.13463e-04 -3.21197e-04 4.05277e-04 -4.89674e-04 6.04609e-04 2.85474e-03 4.45461e-04 8.02549e-03 1.01674e-01 3.90425e-01 7.90568e-01 9.74370e-01 7.66886e-01 3.82028e-01 1.11317e-01 1.49605e-02 6.43606e-04 3.78008e-04 1.56455e-05 -3.74228e-05 1.33591e-05 9.40113e-06 -2.87977e-05 
0.15625 1.39627e-04 -1.39810e-04 1.15692e-04 -6.21369e-05 -1.79047e-05 1.13725e-04 -2.04909e-04 2.62581e-04 -2.56099e-04 1.68417e-04 -1.91224e-05 -1.32171e-04 3.23913e-04 -6.69212e-04 1.09171e-03 3.32885e-03 -9.87089e-05 5.22699e-03 1.01760e-01 3.95812e-01 7.92025e-01 9.69300e-01 7.64352e-01 3.84479e-01 1.13058e-01 1.44421e-02 1.37098e-04 3.98652e-04 1.13074e-04 -1.34665e-04 1.20454e-04 -1.25683e-04 
0.18750 1.06910e-05 5.96931e-05 -1.31378e-04 1.85007e-04 -2.03700e-04 1.75349e-04 -9.62751e-05 -2.19600e-05 1.49015e-04 -2.38841e-04 2.47801e-04 -1.75238e-04 8.37655e-05 1.17715e-04 -7.06624e-04 1.51330e-03 3.87669e-03 -8.28256e-04 2.44267e-03 1.02237e-01 4.00909e-01 7.93201e-01 9.64593e-01 7.61894e-01 3.86732e-01 1.14729e-01 1.41399e-02 -5.38549e-04 5.70759e-04 7.41354e-06 2.04436e-05 -4.76348e-05 
0.21875 -1.59310e-04 1.69375e-04 -1.21954e-04 4.51566e-05 4.62167e-05 -1.31882e-04 1.86661e-04 -1.87025e-04 1.22744e-04 -7.28770e-06 -1.16343e-04 1.90039e-04 -1.99315e-04 2.18854e-04 -9.38780e-05 -6.96273e-04 1.92893e-03 4.46543e-03 -1.74520e-03 -2.81549e-04 1.03066e-01 4.05661e-01 7.94267e-01 9.60042e-01 7.59706e-01 3.88569e-01 1.16622e-01 1.36866e-02 -9.79334e-04 4.82883e-04 1.02362e-04 4.71674e-05 
0.25000 -1.04257e-04 -7.37816e-05 1.39412e-04 -1.56882e-04 1.40850e-04 -8.69652e-05 3.56870e-06 8.54825e-05 -1.46979e-04 1.51354e-04 -8.82374e-05 -1.62855e-05 1.04184e-04 -1.62321e-04 3.02926e-04 -3.18231e-04 -6.23683e-04 2.29899e-03 5.16923e-03 -2.98804e-03 -2.70751e-03 1.03932e-01 4.10387e-01 7.94922e-01 9.55978e-01 7.57388e-01 3.90411e-01 1.18364e-01 1.33847e-02 -1.41646e-03 2.84412e-04 3.48654e-04 
0.28125 4.92473e-04 -2.06904e-04 3.51611e-05 2.56534e-05 -7.19257e-05 1.08887e-04 -1.11540e-04 6.93092e-05 7.71940e-06 -9.17983e-05 1.47143e-04 -1.45982e-04 9.62643e-05 -5.09827e-05 1.14324e-05 2.02521e-04 -3.56951e-04 -7.45785e-04 2.93615e-03 5.62197e-03 -4.16830e-03 -5.19598e-03 1.05159e-01 4.14759e-01 7.95499e-01 9.52133e-01 7.55087e-01 3.92221e-01 1.19914e-01 1.33438e-02 -2.03001e-03 2.15022e-04 
0.31250 2.14306e-04 5.25454e-04 -1.79152e-04 4.10473e-05 -2.38532e-05 -1.30530e-05 7.46540e-05 -1.24562e-04 1.38765e-04 -1.12044e-04 5.82378e-05 -7.03594e-06 -7.78173e-06 -1.60658e-05 2.36991e-05 -2.35078e-05 2.86727e-04 -5.83951e-04 -6.97912e-04 3.50827e-03 6.09433e-03 -5.49205e-03 -7.58497e-03 1.06642e-01 4.18773e-01 7.96127e-01 9.48308e-01 7.53016e-01 3.93785e-01 1.21489e-01 1.33767e-02 -2.69646e-03 
0.34375 -3.23614e-03 7.23593e-05 5.92443e-04 -1.59064e-04 5.70018e-05 -1.05234e-04 1.15580e-04 -7.85461e-05 3.14331e-05 -9.83318e-08 -3.02814e-06 -1.97326e-05 4.76339e-05 -4.59715e-05 7.65639e-06 1.46362e-06 9.61199e-06 3.38262e-04 -8.51972e-04 -5.45779e-04 4.00230e-03 6.66068e-03 -7.09237e-03 -9.66840e-03 1.08121e-01 4.22674e-01 7.96626e-01 9.44632e-01 7.51078e-01 3.95148e-01 1.23107e-01 1.33435e-02 
0.37500 1.37075e-02 -4.30291e-03 9.69785e-05 5.20715e-04 2.87642e-05 -1.22808e-04 3.30246e-05 1.46453e-05 -1.26917e-05 -2.37765e-06 9.12977e-06 5.08770e-06 -4.42562e-05 9.40455e-05 -1.17343e-04 1.00881e-04 -1.25376e-04 1.88605e-04 2.15126e-04 -9.69824e-04 -5.04873e-04 4.63866e-03 7.10558e-03 -8.78525e-03 -1.15522e-02 1.09608e-01 4.26513e-01 7.96904e-01 9.41259e-01 7.49021e-01 3.96678e-01 1.24479e-01 
0.40625 1.27246e-01 1.23945e-02 -4.58937e-03 -2.04548e-04 7.18005e-04 -2.72522e-05 -9.76390e-05 2.52600e-05 -5.76388e-06 3.30927e-05 -6.73485e-05 9.12669e-05 -9.28131e-05 6.18620e-05 -4.89818e-06 -3.99923e-05 5.37371e-05 -1.37562e-04 3.07294e-04 8.49824e-05 -1.04694e-03 -5.34028e-04 5.45786e-03 7.28456e-03 -1.03140e-02 -1.35975e-02 1.11598e-01 4.29547e-01 7.98114e-01 9.36433e-01 7.49455e-01 3.96669e-01 
0.43750 3.99781e-01 1.27088e-01 1.24665e-02 -5.01435e-03 -3.89559e-04 7.70394e-04 2.12011e-05 -1.05336e-04 -1.45404e-05 5.40212e-05 -3.18866e-05 -8.64675e-06 5.41601e-05 -9.26909e-05 1.06811e-04 -9.25608e-05 8.65301e-05 -1.12815e-04 4.36263e-05 1.68423e-04 2.81727e-04 -1.58231e-03 7.94474e-05 5.47007e-03 8.54576e-03 -1.35209e-02 -1.32426e-02 1.10497e-01 4.36839e-01 7.93148e-01 9.39908e-01 7.44900e-01 
0.46875 7.44755e-01 4.00108e-01 1.28133e-01 1.28864e-02 -5.55063e-03 -6.39612e-04 9.26364e-04 -1.72647e-05 -6.11916e-05 -7.55537e-05 1.27947e-04 -1.33004e-04 1.33451e-04 -1.33422e-04 1.41062e-04 -1.80923e-04 2.72728e-04 -3.91452e-04 5.21586e-04 -8.43233e-04 1.47873e-03 -1.48882e-03 4.82577e-04 -2.69238e-03 9.91106e-03 4.17017e-03 -9.89713e-03 -2.11724e-02 1.19759e-01 4.31389e-01 8.03140e-01 9.33548e-01 
0.50000 9.30647e-01 7.43895e-01 4.00607e-01 1.29765e-01 1.31293e-02 -6.19016e-03 -6.24066e-04 7.56098e-04 2.67351e-04 -3.42294e-04 2.31155e-04 -2.51920e-04 3.49109e-04 -4.85559e-04 6.76977e-04 -9.35504e-04 1.25066e-03 -1.60948e-03 2.04765e-03 -2.59265e-03 3.01733e-03 -3.09978e-03 3.89002e-03 -5.98350e-03 4.48553e-03 3.13610e-03 1.21342e-02 -1.97907e-02 -1.44541e-02 1.13559e-01 4.41915e-01 8.01410e-01 
0.53125 7.99764e-01 9.29543e-01 7.42200e-01 4.01319e-01 1.31489e-01 1.29906e-02 -6.22003e-03 -1.33490e-03 1.41660e-03 -4.46569e-04 6.15696e-04 -1.02497e-03 1.35931e-03 -1.71020e-03 2.12235e-03 -2.56988e-03 3.02268e-03 -3.46796e-03 3.88918e-03 -4.19975e-03 4.29865e-03 -4.38791e-03 4.72225e-03 -4.04759e-03 1.41268e-03 -2.28416e-03 9.97194e-03 7.32303e-03 -1.83970e-02 -1.70313e-02 1.14319e-01 4.46235e-01 
0.56250 4.47303e-01 8.00758e-01 9.27619e-01 7.39715e-01 4.02983e-01 1.32029e-01 1.42728e-02 -7.98234e-03 1.61562e-04 -7.28642e-04 2.34667e-03 -2.76466e-03 3.02597e-03 -3.42637e-03 3.81238e-03 -4.09385e-03 4.25271e-03 -4.26832e-03 4.09657e-03 -3.69524e-03 3.11342e-03 -2.44930e-03 1.46015e-03 2.06572e-04 -1.11804e-03 -9.18924e-05 -2.58549e-03 1.33191e-02 2.52630e-03 -1.32806e-02 -2.72444e-02 1.19514e-01 
0.59375 1.21053e-01 4.49437e-01 8.02466e-01 9.23151e-01 7.40027e-01 4.01573e-01 1.36122e-01 1.11796e-02 -4.33345e-03 -4.85770e-03 4.81322e-03 -3.76683e-03 3.95840e-03 -4.13229e-03 3.94617e-03 -3.53770e-03 2.96008e-03 -2.19911e-03 1.26275e-03 -2.08282e-04 -8.78922e-04 1.99404e-03 -3.18575e-03 4.08286e-03 -4.08836e-03 4.65397e-03 -7.47584e-03 5.95432e-03 4.98971e-03 1.21323e-02 -2.50564e-02 -2.58087e-02 
0.62500 -2.48142e-02 1.20200e-01 4.55443e-01 7.98730e-01 9.24682e-01 7.33749e-01 4.07720e-01 1.31440e-01 1.80269e-02 -1.16868e-02 2.06282e-03 -2.26951e-03 3.07967e-03 -2.22028e-03 1.11142e-03 -9.99988e-05 -9.48792e-04 2.03252e-03 -3.05475e-03 3.92786e-03 -4.60816e-03 5.08609e-03 -5.26395e-03 4.96928e-03 -4.53049e-03 4.66336e-03 -3.82759e-03 -1.78948e-05 -4.68201e-04 1.14695e-02 7.52948e-03 -2.72977e-02 
0.65625 -2.45951e-02 -3.07499e-02 1.27541e-01 4.52168e-01 8.04971e-01 9.15456e-01 7.39109e-01 4.01623e-01 1.39243e-01 1.24422e-02 -7.08310e-03 -1.97067e-03 1.10543e-04 2.39949e-03 -3.22126e-03 3.86072e-03 -4.55214e-03 5.02864e-03 -5.19974e-03 5.08795e-03 -4.72587e-03 4.12577e-03 -3.28614e-03 2.33645e-03 -1.55052e-03 6.67540e-04 1.09051e-03 -1.96886e-03 -6.59025e-04 -1.14225e-03 1.47418e-02 3.37017e-03 
0.68750 9.34001e-03 -3.29283e-02 -2.49915e-02 1.22967e-01 4.60913e-01 7.99214e-01 9.17728e-01 7.34072e-01 4.04454e-01 1.39960e-01 1.16185e-02 -4.57821e-03 -6.73041e-03 6.12002e-03 -4.76403e-03 4.89396e-03 -4.76875e-03 4.14310e-03 -3.31258e-03 2.39066e-03 -1.40229e-03 3.87523e-04 5.75397e-04 -1.37665e-03 2.05245e-03 -2.84567e-03 3.43003e-03 -2.81674e-03 2.85066e-03 -6.71942e-03 5.85233e-03 9.22281e-03 
0.71875 1.57768e-02 3.65923e-03 -3.03477e-02 -2.89851e-02 1.26809e-01 4.63011e-01 7.97748e-01 9.18319e-01 7.28041e-01 4.11127e-01 1.33989e-01 2.00345e-02 -1.34884e-02 1.65909e-03 -2.16475e-03 2.83806e-03 -1.54523e-03 2.77327e-04 6.61617e-04 -1.50477e-03 2.26715e-03 -2.88345e-03 3.32231e-03 -3.61256e-03 3.84951e-03 -3.99189e-03 3.75001e-03 -3.46713e-03 4.35203e-03 -4.48624e-03 4.90235e-05 -1.15375e-05 
0.75000 2.08253e-03 1.63157e-02 1.70784e-03 -2.90726e-02 -3.42612e-02 1.34770e-01 4.58204e-01 8.05583e-01 9.07503e-01 7.35182e-01 4.03530e-01 1.42675e-01 1.40087e-02 -8.82535e-03 -1.99576e-03 -4.62173e-04 2.90783e-03 -3.18911e-03 3.40307e-03 -3.76348e-03 3.97047e-03 -4.00099e-03 3.92794e-03 -3.79887e-03 3.60515e-03 -3.25476e-03 2.79481e-03 -2.57997e-03 2.27627e-03 -4.46526e-04 -9.37504e-04 -2.91420e-03 
0.78125 -7.66270e-03 8.60298e-03 9.83513e-03 9.09761e-03 -3.92585e-02 -2.63548e-02 1.28560e-01 4.67906e-01 7.99068e-01 9.10160e-01 7.30471e-01 4.05721e-01 1.43997e-01 1.25639e-02 -5.81041e-03 -6.88863e-03 5.22850e-03 -3.52134e-03 3.82798e-03 -3.88339e-03 3.53594e-03 -3.14041e-03 2.73298e-03 -2.25173e-03 1.65669e-03 -9.59114e-04 2.70646e-04 4.39499e-04 -1.57983e-03 2.81280e-03 -2.40790e-03 2.07231e-03 
0.81250 -6.47438e-03 6.42681e-04 1.11116e-03 1.77680e-02 2.26626e-03 -3.61722e-02 -3.00858e-02 1.31972e-01 4.70408e-01 7.96876e-01 9.11462e-01 7.24271e-01 4.12186e-01 1.38465e-01 2.01269e-02 -1.35219e-02 2.39195e-04 -1.91334e-03 3.20900e-03 -2.19829e-03 1.34426e-03 -7.63792e-04 8.16094e-05 7.17432e-04 -1.55028e-03 2.34846e-03 -3.08112e-03 3.82720e-03 -4.51113e-03 4.57973e-03 -4.25106e-03 5.45687e-03 
0.84375 -6.61756e-04 -1.99464e-03 -2.51678e-03 3.06205e-03 1.87610e-02 -5.02178e-04 -3.42162e-02 -3.55443e-02 1.39973e-01 4.65704e-01 8.03980e-01 9.01773e-01 7.30395e-01 4.05576e-01 1.46213e-01 1.46022e-02 -8.76211e-03 -4.06118e-03 9.90035e-04 1.56637e-03 -1.79089e-03 2.30088e-03 -3.12531e-03 3.81431e-03 -4.30840e-03 4.63079e-03 -4.78531e-03 4.74447e-03 -4.35484e-03 3.62790e-03 -3.17663e-03 2.97521e-03 
0.87500 3.54813e-03 -2.90678e-03 1.55652e-03 -7.69983e-03 9.90146e-03 1.23011e-02 6.28805e-03 -4.35550e-02 -2.83979e-02 1.34718e-01 4.74374e-01 7.97928e-01 9.04533e-01 7.25282e-01 4.08723e-01 1.45929e-01 1.50796e-02 -7.77591e-03 -6.92058e-03 4.87579e-03 -3.51487e-03 4.45095e-03 -4.82953e-03 4.62276e-03 -4.25765e-03 3.74339e-03 -3.03529e-03 2.13023e-03 -1.07284e-03 8.62909e-05 7.34605e-04 -1.90037e-03 
0.90625 4.49900e-03 -3.52986e-03 4.67315e-03 -6.46824e-03 -9.20213e-05 3.33106e-03 1.93637e-02 -1.36447e-04 -4.05229e-02 -3.22986e-02 1.38974e-01 4.75324e-01 7.97432e-01 9.04025e-01 7.21144e-01 4.13311e-01 1.41751e-01 2.17580e-02 -1.51344e-02 4.99908e-04 -3.11584e-03 4.45114e-03 -3.03958e-03 1.91194e-03 -1.05499e-03 6.20074e-05 9.95862e-04 -1.99214e-03 2.83341e-03 -3.46010e-03 4.02500e-03 -4.56535e-03 
0.93750 3.08064e-03 -2.66164e-03 3.03355e-03 -9.67034e-04 -2.21186e-03 -3.41030e-03 6.04579e-03 1.90770e-02 -1.43860e-03 -4.03142e-02 -3.56786e-02 1.45159e-01 4.71911e-01 8.03486e-01 8.94925e-01 7.27490e-01 4.05932e-01 1.50571e-01 1.48240e-02 -8.79568e-03 -5.26417e-03 1.00382e-03 1.90953e-03 -2.11559e-03 2.72925e-03 -3.57598e-03 4.13825e-03 -4.42733e-03 4.50927e-03 -4.43580e-03 4.26063e-03 -3.84344e-03 
0.96875 4.98844e-04 -7.61936e-05 -7.84264e-04 2.60110e-03 -1.85863e-03 -3.62202e-04 -6.71158e-03 1.11807e-02 1.40212e-02 4.15820e-03 -4.89982e-02 -2.83644e-02 1.39307e-01 4.81439e-01 7.96028e-01 8.99356e-01 7.20927e-01 4.10357e-01 1.49175e-01 1.59926e-02 -8.05972e-03 -8.16668e-03 5.15572e-03 -3.57391e-03 4.51816e-03 -4.66165e-03 4.23190e-03 -3.76566e-03 3.24918e-03 -2.64823e-03 1.95542e-03 -1.20135e-03 
1.00000 -2.27637e-03 2.84378e-03 -3.68398e-03 3.96301e-03 -2.99749e-03 4.53696e-03 -7.72320e-03 8.44130e-04 4.21705e-03 2.19097e-02 -3.65752e-03 -4.43635e-02 -3.36695e-02 1.44960e-01 4.81048e-01 7.96323e-01 8.98539e-01 7.16939e-01 4.15086e-01 1.44552e-01 2.31168e-02 -1.57412e-02 -5.40305e-04 -2.85143e-03 4.18648e-03 -2.61631e-03 1.67431e-03 -1.10068e-03 3.89697e-04 3.74780e-04 -1.11228e-03 1.71893e-03 
