E2
1.000000 0.062500 1.000000 1.000000 0.031250 0.000000
0.00000 1.60381e-28 3.72336e-25 5.24289e-22 4.47773e-19 2.31952e-16 7.28772e-14 1.38879e-11 1.60523e-09 1.12535e-07 4.78512e-06 1.23410e-04 1.93045e-03 1.83156e-02 1.05399e-01 3.67879e-01 7.78801e-01 1.00000e+00 7.78801e-01 3.67879e-01 1.05399e-01 1.83156e-02 1.93045e-03 1.23410e-04 4.78512e-06 1.12535e-07 1.60523e-09 1.38879e-11 7.28772e-14 2.31952e-16 4.47773e-19 5.24289e-22 3.72336e-25 
0.03125 1.20820e-18 1.85004e-16 3.46746e-14 3.89920e-12 2.61178e-10 1.02947e-08 2.33893e-07 2.95648e-06 1.96133e-05 6.38204e-05 1.12888e-04 -3.95791e-05 -2.69843e-03 -1.58172e-03 8.85001e-02 4.14028e-01 8.50026e-01 9.81699e-01 7.10096e-01 3.45948e-01 1.20287e-01 3.12069e-02 6.18948e-03 9.34857e-04 1.04234e-04 8.19701e-06 4.34677e-07 1.49958e-08 3.28126e-10 4.47807e-12 3.77116e-14 1.94670e-16 
0.06250 1.55500e-12 2.18121e-11 4.22871e-10 3.89474e-09 1.19808e-08 2.02150e-09 1.01886e-07 -1.35587e-06 -4.85214e-06 5.59619e-05 8.82023e-05 2.60587e-04 2.35167e-03 -8.82401e-03 -3.55852e-02 8.21786e-02 4.87017e-01 8.99328e-01 9.41212e-01 6.57631e-01 3.34515e-01 1.30905e-01 4.08339e-02 1.03616e-02 2.15787e-03 3.69025e-04 5.14506e-05 5.74682e-06 4.98832e-07 3.22674e-08 1.48397e-09 4.64267e-11 
0.09375 2.15179e-09 1.54576e-10 2.30376e-10 -7.49392e-09 3.73271e-08 5.41299e-08 -8.18615e-07 6.38315e-06 -1.79779e-05 -4.01321e-05 3.38048e-04 -8.40166e-04 1.26502e-03 1.14855e-02 -2.72643e-02 -8.15299e-02 1.06132e-01 5.67215e-01 9.19490e-01 8.96513e-01 6.18875e-01 3.27157e-01 1.38723e-01 4.85763e-02 1.43069e-02 3.58362e-03 7.67844e-04 1.40918e-04 2.20851e-05 2.93368e-06 3.26103e-07 2.97433e-08 
0.12500 1.70870e-07 1.73053e-08 6.25558e-09 1.80523e-08 -2.71946e-07 1.41650e-06 -3.73513e-06 -1.42781e-06 6.60260e-05 -2.78487e-04 4.41572e-04 6.17974e-04 -5.53519e-03 1.11099e-02 2.26868e-02 -7.12700e-02 -1.17157e-01 1.59234e-01 6.34767e-01 9.19627e-01 8.55292e-01 5.89182e-01 3.21640e-01 1.44733e-01 5.50458e-02 1.79908e-02 5.10913e-03 1.26967e-03 2.77212e-04 5.32450e-05 8.98636e-06 1.32772e-06 
0.15625 3.56463e-06 5.74701e-07 4.70659e-09 3.80939e-07 -1.04480e-06 3.37522e-07 1.28711e-05 -7.09570e-05 1.94673e-04 -1.62698e-04 -8.53213e-04 3.67220e-03 -5.00390e-03 -9.07274e-03 3.77019e-02 1.51912e-02 -1.31926e-01 -1.25628e-01 2.25036e-01 6.84416e-01 9.09131e-01 8.19062e-01 5.65462e-01 3.17128e-01 1.49510e-01 6.05805e-02 2.14180e-02 6.67712e-03 1.84901e-03 4.57038e-04 1.01134e-04 2.00579e-05 
0.18750 3.71679e-05 7.65922e-06 1.08483e-06 5.28906e-07 2.70091e-06 -1.83944e-05 6.44079e-05 -1.25151e-04 3.36312e-06 8.27417e-04 -2.59631e-03 2.82720e-03 5.30413e-03 -2.10656e-02 5.83783e-03 6.74077e-02 -2.13847e-02 -1.88237e-01 -1.08222e-01 2.90507e-01 7.18545e-01 8.93614e-01 7.87469e-01 5.45866e-01 3.13252e-01 1.53401e-01 6.53943e-02 2.46061e-02 8.25370e-03 2.48590e-03 6.75754e-04 1.66388e-04 
0.21875 2.48735e-04 6.12241e-05 1.42955e-05 -1.99228e-06 2.07237e-05 -5.32325e-05 7.27279e-05 8.50988e-05 -7.49751e-04 1.91639e-03 -1.80293e-03 -3.55717e-03 1.34427e-02 -8.41072e-03 -3.23881e-02 4.26652e-02 7.91344e-02 -7.76924e-02 -2.27572e-01 -7.37211e-02 3.49573e-01 7.40982e-01 8.76017e-01 7.59797e-01 5.29258e-01 3.09819e-01 1.56627e-01 6.96341e-02 2.75756e-02 9.81824e-03 3.16492e-03 9.28502e-04 
0.25000 1.21061e-03 3.46538e-04 9.83618e-05 2.88446e-06 4.64534e-05 -3.29177e-05 -1.32996e-04 6.67199e-04 -1.46541e-03 1.22958e-03 2.56156e-03 -9.36711e-03 7.85299e-03 1.62091e-02 -3.55879e-02 -2.11716e-02 8.57626e-02 6.50926e-02 -1.39201e-01 -2.47454e-01 -3.03528e-02 4.00445e-01 7.54993e-01 8.57840e-01 7.35371e-01 5.14901e-01 3.06717e-01 1.59340e-01 7.34057e-02 3.03469e-02 1.13580e-02 3.87427e-03 
0.28125 4.60641e-03 1.51078e-03 4.80327e-04 1.00673e-04 3.99169e-05 1.66770e-04 -5.89344e-04 1.15409e-03 -8.74688e-04 -1.94152e-03 6.91234e-03 -6.83102e-03 -8.27522e-03 2.63557e-02 -2.07323e-03 -5.75897e-02 1.33279e-02 1.18454e-01 2.96022e-02 -1.95499e-01 -2.50512e-01 1.62321e-02 4.43268e-01 7.63000e-01 8.39844e-01 7.13631e-01 5.02296e-01 3.03873e-01 1.61646e-01 7.67884e-02 3.29389e-02 1.28649e-02 
0.31250 1.43422e-02 5.33329e-03 1.86585e-03 6.06729e-04 6.30123e-06 5.73868e-04 -9.17022e-04 6.44378e-04 1.53350e-03 -5.31459e-03 5.85102e-03 4.09002e-03 -1.91086e-02 1.02534e-02 3.32027e-02 -3.55534e-02 -5.97126e-02 5.98584e-02 1.32452e-01 -1.88158e-02 -2.41454e-01 -2.40788e-01 6.26388e-02 4.78899e-01 7.66726e-01 8.22406e-01 6.94130e-01 4.91086e-01 3.01237e-01 1.63624e-01 7.98437e-02 3.53661e-02 
0.34375 3.76633e-02 1.57545e-02 6.07089e-03 2.36662e-03 2.66950e-04 9.93650e-04 -4.13051e-04 -1.23149e-03 4.22349e-03 -5.00823e-03 -1.76476e-03 1.38665e-02 -1.23732e-02 -1.71332e-02 3.56280e-02 1.82677e-02 -6.85517e-02 -3.93511e-02 1.05845e-01 1.27052e-01 -7.22848e-02 -2.75593e-01 -2.22091e-01 1.07001e-01 5.08362e-01 7.67388e-01 8.05706e-01 6.76510e-01 4.81014e-01 2.98775e-01 1.65336e-01 8.26112e-02 
0.37500 8.51547e-02 3.98403e-02 1.69812e-02 7.27540e-03 1.91631e-03 1.25480e-03 1.33664e-03 -3.34675e-03 4.33668e-03 4.40329e-04 -1.01197e-02 1.21108e-02 7.31689e-03 -2.91602e-02 3.89693e-03 5.09968e-02 -1.42906e-02 -8.82897e-02 -2.26460e-03 1.42644e-01 1.05590e-01 -1.25132e-01 -2.98423e-01 -1.97497e-01 1.48397e-01 5.32633e-01 7.65850e-01 7.89810e-01 6.60489e-01 4.71882e-01 2.96469e-01 1.66808e-01 
0.40625 1.68065e-01 8.76444e-02 4.14499e-02 1.90418e-02 7.33289e-03 2.03279e-03 3.91330e-03 -3.37940e-03 4.54915e-04 7.46873e-03 -1.09670e-02 -1.51375e-03 2.18658e-02 -1.37403e-02 -3.08247e-02 3.41463e-02 4.68984e-02 -5.31906e-02 -8.94034e-02 4.31084e-02 1.66165e-01 7.26849e-02 -1.73853e-01 -3.11327e-01 -1.69323e-01 1.86456e-01 5.52574e-01 7.62730e-01 7.74734e-01 6.45828e-01 4.63555e-01 2.94279e-01 
0.43750 2.92038e-01 1.69590e-01 8.91522e-02 4.39580e-02 2.05888e-02 5.94884e-03 6.57680e-03 4.41297e-04 -5.05607e-03 9.75015e-03 -1.76339e-03 -1.55102e-02 1.68691e-02 1.49467e-02 -3.58561e-02 -1.31034e-02 5.96457e-02 2.38096e-02 -8.75027e-02 -7.26955e-02 8.91746e-02 1.75686e-01 3.27565e-02 -2.16600e-01 -3.15949e-01 -1.39242e-01 2.21128e-01 5.68906e-01 7.58482e-01 7.60443e-01 6.32352e-01 4.55941e-01 
0.46875 4.48498e-01 2.90626e-01 1.70082e-01 9.09013e-02 4.76325e-02 1.82019e-02 1.01649e-02 7.76584e-03 -6.84753e-03 4.13776e-03 1.06764e-02 -1.65881e-02 -4.10179e-03 3.00403e-02 -7.46472e-03 -4.54288e-02 1.74839e-02 7.06672e-02 -1.16621e-02 -1.10133e-01 -4.23246e-02 1.30503e-01 1.72454e-01 -1.05568e-02 -2.52636e-01 -3.13891e-01 -1.08430e-01 2.52523e-01 5.82248e-01 7.53429e-01 7.46864e-01 6.20074e-01 
0.50000 6.08024e-01 4.42360e-01 2.88957e-01 1.69321e-01 9.59709e-02 4.60872e-02 1.92999e-02 1.69119e-02 -4.29129e-04 -5.08679e-03 1.55301e-02 -2.40382e-03 -2.21120e-02 1.74177e-02 2.70155e-02 -3.43296e-02 -3.67981e-02 5.01755e-02 6.40893e-02 -5.12293e-02 -1.18179e-01 -3.49165e-03 1.63884e-01 1.58629e-01 -5.45156e-02 -2.81923e-01 -3.06577e-01 -7.77057e-02 2.80844e-01 5.93146e-01 7.47633e-01 7.34392e-01 
0.53125 7.21869e-01 5.97065e-01 4.37690e-01 2.84258e-01 1.73160e-01 9.73359e-02 4.29146e-02 2.83881e-02 1.44894e-02 -8.18622e-03 8.24366e-03 1.54238e-02 -2.02141e-02 -1.11593e-02 3.56850e-02 7.44440e-03 -5.36406e-02 -1.24651e-02 7.55298e-02 4.20120e-02 -8.77414e-02 -1.11902e-01 3.89322e-02 1.87885e-01 1.36623e-01 -9.71994e-02 -3.04813e-01 -2.95215e-01 -4.76706e-02 3.06516e-01 6.01581e-01 7.42069e-01 
0.56250 7.35994e-01 7.09033e-01 5.89626e-01 4.29085e-01 2.83188e-01 1.77679e-01 9.17765e-02 4.86019e-02 3.50614e-02 3.02464e-03 -3.64520e-03 2.16942e-02 7.59553e-04 -2.91439e-02 1.15189e-02 4.02275e-02 -2.10037e-02 -5.81378e-02 2.04745e-02 8.79263e-02 9.31795e-03 -1.16311e-01 -9.34454e-02 8.10136e-02 2.02327e-01 1.08723e-01 -1.37352e-01 -3.21805e-01 -2.81000e-01 -1.82565e-02 3.29040e-01 6.08915e-01 
0.59375 6.15644e-01 7.27198e-01 7.00771e-01 5.79321e-01 4.20650e-01 2.87921e-01 1.73606e-01 8.98789e-02 6.08714e-02 2.95876e-02 -4.96560e-03 1.24115e-02 2.29869e-02 -1.97072e-02 -2.21435e-02 3.49015e-02 2.82071e-02 -4.83071e-02 -4.65184e-02 5.40356e-02 8.56996e-02 -2.83905e-02 -1.34360e-01 -6.57973e-02 1.19912e-01 2.07817e-01 7.68628e-02 -1.74013e-01 -3.33956e-01 -2.64037e-01 9.37016e-03 3.49451e-01 
0.62500 3.70114e-01 6.17433e-01 7.21724e-01 6.92764e-01 5.64776e-01 4.20502e-01 2.87999e-01 1.64924e-01 9.92006e-02 6.70139e-02 1.59990e-02 4.59863e-04 2.86663e-02 9.33767e-03 -3.38481e-02 -1.47915e-03 4.88791e-02 3.52597e-03 -6.64277e-02 -2.19563e-02 8.16996e-02 7.01400e-02 -6.60690e-02 -1.41189e-01 -3.20995e-02 1.53862e-01 2.05177e-01 4.31041e-02 -2.07454e-01 -3.41046e-01 -2.45700e-01 3.48733e-02 
0.65625 6.24359e-02 3.85590e-01 6.18812e-01 7.20224e-01 6.77868e-01 5.56065e-01 4.23353e-01 2.77969e-01 1.63916e-01 1.13181e-01 5.99213e-02 6.75623e-03 1.78310e-02 3.38811e-02 -1.24924e-02 -3.39265e-02 2.46827e-02 4.82607e-02 -2.65004e-02 -7.11519e-02 1.01358e-02 9.93507e-02 4.42542e-02 -9.98101e-02 -1.37486e-01 4.99333e-03 1.81449e-01 1.96253e-01 7.94973e-03 -2.36873e-01 -3.43492e-01 -2.28491e-01 
0.68750 -2.07465e-01 8.77001e-02 3.96065e-01 6.26092e-01 7.13058e-01 6.62240e-01 5.56666e-01 4.17775e-01 2.66224e-01 1.74761e-01 1.19418e-01 4.47488e-02 1.07751e-02 3.72480e-02 2.41951e-02 -3.20711e-02 -1.92661e-02 4.71775e-02 3.32494e-02 -5.43462e-02 -6.20093e-02 4.40001e-02 1.05240e-01 1.18071e-02 -1.27224e-01 -1.24262e-01 4.24792e-02 2.03029e-01 1.81680e-01 -2.77973e-02 -2.60449e-01 -3.45831e-01 
0.71875 -3.44263e-01 -1.83415e-01 1.05394e-01 4.10866e-01 6.32564e-01 6.98447e-01 6.56105e-01 5.56948e-01 4.02364e-01 2.64221e-01 1.89490e-01 1.12131e-01 3.29391e-02 2.75666e-02 4.82255e-02 3.64036e-03 -4.10649e-02 5.25028e-03 5.93127e-02 7.86765e-03 -7.42784e-02 -4.12158e-02 7.46296e-02 9.97565e-02 -2.39511e-02 -1.46317e-01 -1.04006e-01 7.90258e-02 2.18854e-01 1.60898e-01 -5.96759e-02 -2.83401e-01 
0.75000 -3.05072e-01 -3.34730e-01 -1.65173e-01 1.22817e-01 4.30472e-01 6.29369e-01 6.86645e-01 6.58324e-01 5.46967e-01 3.86965e-01 2.74358e-01 1.96613e-01 9.58239e-02 3.31884e-02 4.93339e-02 4.53750e-02 -1.95198e-02 -3.60602e-02 3.23042e-02 5.82077e-02 -2.21860e-02 -8.30039e-02 -1.26968e-02 9.88626e-02 8.38250e-02 -5.92074e-02 -1.57119e-01 -7.88104e-02 1.14883e-01 2.25773e-01 1.39793e-01 -9.14123e-02 
0.78125 -1.26462e-01 -3.17714e-01 -3.25133e-01 -1.51987e-01 1.47657e-01 4.44590e-01 6.19824e-01 6.85677e-01 6.57992e-01 5.27532e-01 3.81928e-01 2.88983e-01 1.90443e-01 8.05133e-02 4.68288e-02 6.65216e-02 2.97079e-02 -3.70525e-02 -1.85181e-02 5.49954e-02 4.43971e-02 -5.10252e-02 -8.01037e-02 1.99258e-02 1.14030e-01 6.00940e-02 -9.12625e-02 -1.61401e-01 -4.71888e-02 1.44511e-01 2.28497e-01 1.18105e-01 
0.81250 8.92141e-02 -1.56995e-01 -3.23600e-01 -3.22127e-01 -1.33706e-01 1.75033e-01 4.47382e-01 6.15138e-01 6.91870e-01 6.46663e-01 5.08339e-01 3.89391e-01 2.97537e-01 1.73824e-01 7.49391e-02 6.86500e-02 7.24459e-02 6.78189e-03 -4.35955e-02 7.00109e-03 6.82624e-02 2.12862e-02 -7.46094e-02 -6.60895e-02 5.23872e-02 1.19172e-01 3.24810e-02 -1.21436e-01 -1.55482e-01 -1.48697e-02 1.68771e-01 2.30848e-01 
0.84375 2.25893e-01 5.66662e-02 -1.77842e-01 -3.32899e-01 -3.19745e-01 -1.06522e-01 1.94236e-01 4.44954e-01 6.21392e-01 6.94529e-01 6.25677e-01 4.99000e-01 4.02978e-01 2.93738e-01 1.54964e-01 8.24846e-02 9.05533e-02 6.52760e-02 -1.63632e-02 -3.72912e-02 3.43126e-02 7.03615e-02 -7.43734e-03 -8.96192e-02 -4.30240e-02 8.01643e-02 1.17499e-01 -7.84927e-04 -1.44561e-01 -1.41989e-01 1.41032e-02 1.94203e-01 
0.87500 2.17128e-01 2.10435e-01 3.03287e-02 -1.96182e-01 -3.47849e-01 -3.08278e-01 -7.82337e-02 2.01899e-01 4.48114e-01 6.34174e-01 6.86013e-01 6.03808e-01 5.02386e-01 4.13155e-01 2.78241e-01 1.42408e-01 1.00775e-01 1.05393e-01 4.72893e-02 -3.31570e-02 -2.02039e-02 5.85285e-02 6.11156e-02 -3.76300e-02 -9.34141e-02 -1.65418e-02 1.04990e-01 1.06049e-01 -3.57231e-02 -1.57865e-01 -1.28321e-01 4.60766e-02 
0.90625 8.29033e-02 2.28999e-01 1.92981e-01 1.08386e-02 -2.20859e-01 -3.59831e-01 -2.87045e-01 -5.88334e-02 2.05009e-01 4.61956e-01 6.43545e-01 6.67069e-01 5.90212e-01 5.14007e-01 4.12886e-01 2.57056e-01 1.41204e-01 1.24056e-01 1.08685e-01 2.40242e-02 -4.01608e-02 4.28534e-03 7.58926e-02 4.11888e-02 -6.28490e-02 -8.98682e-02 1.42826e-02 1.23521e-01 8.44561e-02 -6.47541e-02 -1.68507e-01 -1.11444e-01 
0.93750 -8.45965e-02 1.15625e-01 2.31378e-01 1.81626e-01 -1.09589e-02 -2.50490e-01 -3.60491e-01 -2.64859e-01 -5.04679e-02 2.13644e-01 4.82490e-01 6.42072e-01 6.45065e-01 5.88998e-01 5.25611e-01 4.00612e-01 2.37701e-01 1.52203e-01 1.45093e-01 1.00357e-01 9.67622e-04 -3.63574e-02 3.28498e-02 8.16783e-02 1.71826e-02 -8.40133e-02 -7.79807e-02 4.81707e-02 1.29862e-01 6.14103e-02 -9.10672e-02 -1.78407e-01 
0.96875 -1.79526e-01 -5.15054e-02 1.37650e-01 2.34220e-01 1.73441e-01 -4.16689e-02 -2.75561e-01 -3.50775e-01 -2.50949e-01 -4.64428e-02 2.32741e-01 5.00781e-01 6.29202e-01 6.28740e-01 5.97830e-01 5.29959e-01 3.79383e-01 2.26818e-01 1.71674e-01 1.58688e-01 8.30755e-02 -1.80841e-02 -2.03945e-02 5.76284e-02 7.90539e-02 -9.76608e-03 -1.00415e-01 -5.46372e-02 7.60542e-02 1.28971e-01 3.93777e-02 -1.20655e-01 
1.00000 -1.48961e-01 -1.67751e-01 -2.25745e-02 1.53763e-01 2.42804e-01 1.59021e-01 -7.78119e-02 -2.88747e-01 -3.39396e-01 -2.47305e-01 -3.74440e-02 2.59464e-01 5.09247e-01 6.10624e-01 6.23258e-01 6.10602e-01 5.22909e-01 3.55752e-01 2.27157e-01 1.94034e-01 1.62995e-01 5.87036e-02 -2.64664e-02 1.51560e-03 7.73439e-02 6.96626e-02 -4.09131e-02 -1.04716e-01 -2.70449e-02 9.61924e-02 1.27536e-01 1.14546e-02 
