I4
1.000000 0.062500 1.000000 1.000000 0.031250 0.000000 0.000000
0.00000 1.60381e-28 3.72336e-25 5.24289e-22 4.47773e-19 2.31952e-16 7.28772e-14 1.38879e-11 1.60523e-09 1.12535e-07 4.78512e-06 1.23410e-04 1.93045e-03 1.83156e-02 1.05399e-01 3.67879e-01 7.78801e-01 1.00000e+00 7.78801e-01 3.67879e-01 1.05399e-01 1.83156e-02 1.93045e-03 1.23410e-04 4.78512e-06 1.12535e-07 1.60523e-09 1.38879e-11 7.28772e-14 2.31952e-16 4.47773e-19 5.24289e-22 3.72336e-25 
0.03125 3.08476e-09 -6.43332e-09 1.95241e-08 -6.10849e-08 1.87257e-07 -5.55617e-07 1.57552e-06 -4.17513e-06 1.00120e-05 -1.41261e-05 9.21547e-05 8.66059e-04 1.76629e-03 1.61444e-02 1.02115e-01 3.72219e-01 7.88384e-01 9.93379e-01 7.69902e-01 3.72053e-01 1.09077e-01 1.75446e-02 1.29056e-03 8.36084e-05 -1.28373e-06 -1.88632e-07 3.83725e-07 -2.05350e-07 8.61804e-08 -3.23565e-08 1.14998e-08 -4.36026e-09 
0.06250 1.24365e-07 -1.87472e-07 1.20657e-07 5.17114e-07 -2.88630e-06 9.47255e-06 -2.43817e-05 5.19906e-05 -9.35175e-05 1.56222e-04 -2.34895e-04 3.80149e-04 1.62530e-03 1.35372e-03 1.43215e-02 9.78802e-02 3.78529e-01 7.96460e-01 9.85986e-01 7.63037e-01 3.75284e-01 1.12349e-01 1.72766e-02 5.65106e-04 -2.46598e-05 2.75441e-05 -5.78311e-06 -7.19242e-08 5.92621e-07 -2.82884e-07 1.01409e-07 -7.40950e-08 
0.09375 -3.31685e-06 7.31174e-06 -1.46903e-05 2.70044e-05 -4.49499e-05 6.60144e-05 -8.05063e-05 6.78344e-05 1.00243e-06 -1.52335e-04 4.36270e-04 -8.83158e-04 1.41654e-03 1.49587e-03 1.88578e-03 1.15284e-02 9.38301e-02 3.86316e-01 8.02601e-01 9.78855e-01 7.57311e-01 3.77857e-01 1.15395e-01 1.72738e-02 -1.53114e-04 -1.88486e-04 6.12004e-05 -2.96141e-06 -3.29103e-06 1.34012e-06 -6.43724e-07 1.34208e-06 
0.12500 -2.43956e-05 3.47085e-05 -4.36105e-05 4.40234e-05 -2.40450e-05 -3.20771e-05 1.38266e-04 -2.93603e-04 4.64879e-04 -5.79560e-04 5.36455e-04 -1.40710e-04 -8.12788e-04 2.11769e-03 1.24474e-03 3.13614e-03 7.32556e-03 9.09362e-02 3.94583e-01 8.07250e-01 9.72210e-01 7.52273e-01 3.80000e-01 1.18249e-01 1.74408e-02 -8.29542e-04 -4.00161e-04 9.20416e-05 6.15867e-06 -2.52422e-06 -8.04622e-06 1.57277e-05 
0.15625 -2.28723e-05 2.89174e-06 4.13842e-05 -1.15798e-04 2.17727e-04 -3.27995e-04 4.03943e-04 -3.81580e-04 1.97139e-04 1.70785e-04 -6.62926e-04 1.11699e-03 -1.10303e-03 2.62741e-05 1.92340e-03 1.76424e-03 4.20906e-03 2.20703e-03 8.93396e-02 4.02771e-01 8.10852e-01 9.66020e-01 7.47719e-01 3.81842e-01 1.20926e-01 1.77356e-02 -1.46281e-03 -6.37474e-04 9.71147e-05 4.80997e-05 -3.74382e-05 2.89309e-05 
0.18750 9.79655e-05 -1.71782e-04 2.50558e-04 -3.07234e-04 3.05567e-04 -2.06531e-04 -1.10810e-05 3.21993e-04 -6.31262e-04 7.81726e-04 -6.08857e-04 1.81321e-05 9.18241e-04 -1.58953e-03 8.76631e-04 1.22084e-03 3.17130e-03 4.58382e-03 -3.26644e-03 8.88419e-02 4.10659e-01 8.13702e-01 9.60215e-01 7.43550e-01 3.83440e-01 1.23464e-01 1.81003e-02 -2.01430e-03 -9.39849e-04 1.32292e-04 5.98746e-05 -5.73081e-05 
0.21875 2.34309e-04 -2.58633e-04 1.98244e-04 -5.92080e-05 -1.50557e-04 3.86486e-04 -5.60826e-04 5.63749e-04 -3.14289e-04 -1.70127e-04 7.26047e-04 -1.06166e-03 8.31704e-04 1.88982e-04 -1.41283e-03 1.24284e-03 5.47742e-04 5.18367e-03 4.13726e-03 -8.72846e-03 8.91977e-02 4.18198e-01 8.15962e-01 9.54769e-01 7.39665e-01 3.84881e-01 1.25831e-01 1.85592e-02 -2.51759e-03 -1.30204e-03 2.61514e-04 -1.22701e-04 
0.25000 2.00789e-04 4.79581e-05 -2.46684e-04 4.01435e-04 -4.70532e-04 3.84846e-04 -1.17199e-04 -2.75940e-04 6.42082e-04 -7.72962e-04 5.07342e-04 1.43900e-04 -9.15982e-04 1.27032e-03 -5.72810e-04 -8.33253e-04 1.04545e-03 2.37881e-04 7.46514e-03 2.95659e-03 -1.40127e-02 9.02479e-02 4.25337e-01 8.17793e-01 9.49608e-01 7.36030e-01 3.86215e-01 1.27971e-01 1.92550e-02 -3.25024e-03 -1.30247e-03 -8.17004e-05 
0.28125 -2.14602e-04 5.20349e-04 -3.76951e-04 2.22637e-04 2.66869e-05 -3.33916e-04 5.66119e-04 -5.80741e-04 3.02068e-04 2.04078e-04 -7.06303e-04 8.85668e-04 -5.05494e-04 -3.84353e-04 1.23487e-03 -1.04849e-03 -1.90466e-04 4.47176e-04 3.78445e-04 9.80852e-03 1.12945e-03 -1.89985e-02 9.18410e-02 4.32057e-01 8.19360e-01 9.44542e-01 7.32867e-01 3.87083e-01 1.30412e-01 1.95342e-02 -3.48600e-03 -1.68813e-03 
0.31250 -2.42455e-03 1.36424e-04 3.02542e-04 -3.59031e-04 4.77213e-04 -4.30087e-04 1.56692e-04 2.48093e-04 -5.93598e-04 6.63926e-04 -3.42684e-04 -2.67603e-04 8.28008e-04 -8.94531e-04 1.98463e-04 8.99294e-04 -1.19066e-03 3.24998e-04 -3.87571e-04 9.67362e-04 1.20930e-02 -1.30912e-03 -2.34850e-02 9.36183e-02 4.38732e-01 8.20252e-01 9.40135e-01 7.29468e-01 3.88214e-01 1.32496e-01 1.99242e-02 -3.54413e-03 
0.34375 -4.03337e-03 -2.84158e-03 3.93620e-04 -1.01022e-04 5.63157e-05 2.62248e-04 -5.14760e-04 5.15279e-04 -2.26819e-04 -2.39214e-04 6.28039e-04 -6.58830e-04 2.16692e-04 4.98712e-04 -9.74633e-04 6.40001e-04 4.62385e-04 -1.09229e-03 6.95837e-04 -1.45684e-03 2.19148e-03 1.38862e-02 -3.80787e-03 -2.80038e-02 9.61246e-02 4.44707e-01 8.21172e-01 9.35815e-01 7.26179e-01 3.89502e-01 1.34075e-01 2.08371e-02 
0.37500 2.18081e-02 -4.75397e-03 -2.84450e-03 2.14225e-04 -2.16445e-04 4.24691e-04 -1.56323e-04 -2.35321e-04 5.14320e-04 -5.11475e-04 1.74885e-04 3.32558e-04 -6.73346e-04 5.30552e-04 1.36032e-04 -9.06902e-04 1.01635e-03 -1.59110e-04 -5.28320e-04 4.71735e-04 -2.12923e-03 3.38890e-03 1.57699e-02 -6.90444e-03 -3.20007e-02 9.88869e-02 4.50193e-01 8.22221e-01 9.31245e-01 7.23502e-01 3.90328e-01 1.35769e-01 
0.40625 1.37797e-01 2.24260e-02 -5.23822e-03 -2.81639e-03 -2.20072e-04 2.33604e-05 4.77662e-04 -4.32432e-04 1.32610e-04 2.48924e-04 -4.94583e-04 3.94731e-04 6.27877e-05 -6.13367e-04 8.32618e-04 -4.26905e-04 -4.03140e-04 8.46587e-04 -3.15860e-04 -2.01292e-04 2.70136e-04 -2.87220e-03 4.91457e-03 1.74731e-02 -1.05082e-02 -3.52568e-02 1.01410e-01 4.55791e-01 8.22820e-01 9.26929e-01 7.21100e-01 3.90757e-01 
0.43750 3.91239e-01 1.39854e-01 2.27791e-02 -5.35048e-03 -3.05415e-03 -5.76983e-04 3.88792e-04 2.51572e-04 -3.99254e-04 2.85621e-04 5.61676e-05 -4.66933e-04 6.54474e-04 -4.23021e-04 -1.33721e-04 6.14170e-04 -5.42127e-04 -1.45573e-04 7.15564e-04 -4.05017e-04 8.72253e-05 4.76715e-05 -3.78142e-03 7.06225e-03 1.84636e-02 -1.39629e-02 -3.83408e-02 1.04056e-01 4.61341e-01 8.22911e-01 9.23163e-01 7.18518e-01 
0.46875 7.15750e-01 3.91979e-01 1.41633e-01 2.31651e-02 -5.26038e-03 -3.59244e-03 -6.21994e-04 5.18798e-04 1.36890e-04 -4.05986e-04 5.22894e-04 -3.67624e-04 -4.07252e-05 4.34910e-04 -5.01341e-04 1.37851e-04 3.80338e-04 -5.00510e-04 -7.78973e-05 7.61696e-04 -7.05516e-04 7.32954e-04 -7.11975e-04 -4.26160e-03 9.30730e-03 1.90174e-02 -1.72506e-02 -4.14725e-02 1.07170e-01 4.66415e-01 8.22907e-01 9.19708e-01 
0.50000 9.16243e-01 7.13037e-01 3.92892e-01 1.43020e-01 2.38897e-02 -5.39115e-03 -3.98843e-03 -7.53529e-04 7.63008e-04 -2.14314e-04 -4.17669e-05 3.36432e-04 -4.48752e-04 2.39743e-04 1.32684e-04 -3.35537e-04 1.15235e-04 4.17959e-04 -7.14299e-04 2.75526e-04 4.83921e-04 -7.29732e-04 1.34058e-03 -1.82667e-03 -4.19945e-03 1.12976e-02 1.95628e-02 -2.07563e-02 -4.43473e-02 1.10585e-01 4.70954e-01 8.23069e-01 
0.53125 8.23408e-01 9.12548e-01 7.10757e-01 3.93504e-01 1.44505e-01 2.45141e-02 -5.36173e-03 -4.61189e-03 -5.60067e-04 6.47749e-04 -3.01862e-04 2.55465e-04 -4.17170e-06 -2.15294e-04 1.55227e-04 1.54009e-04 -4.25748e-04 3.07776e-04 2.65207e-04 -8.09042e-04 6.74130e-04 -7.06416e-05 -2.87723e-04 1.51173e-03 -2.82164e-03 -3.97478e-03 1.32301e-02 2.00669e-02 -2.45883e-02 -4.67165e-02 1.13994e-01 4.75159e-01 
0.56250 4.79505e-01 8.23407e-01 9.09133e-01 7.08445e-01 3.94214e-01 1.45722e-01 2.54235e-02 -5.59010e-03 -5.05508e-03 -3.57152e-04 3.06908e-04 -2.14585e-05 1.51227e-04 -6.52333e-06 -2.12342e-04 2.06159e-04 1.07097e-04 -5.21131e-04 6.25022e-04 -1.65711e-04 -5.15353e-04 7.07149e-04 -4.51591e-04 2.71741e-04 1.38416e-03 -3.62079e-03 -3.78585e-03 1.53376e-02 2.03082e-02 -2.86155e-02 -4.85009e-02 1.17073e-01 
0.59375 1.20342e-01 4.83545e-01 8.23463e-01 9.05645e-01 7.06433e-01 3.94688e-01 1.46973e-01 2.64296e-02 -6.07802e-03 -5.09284e-03 -5.69336e-04 2.83168e-04 7.79775e-05 9.94391e-05 3.24145e-05 -3.19677e-04 4.42552e-04 -2.11685e-04 -2.90947e-04 6.60614e-04 -4.79745e-04 -1.10330e-04 4.51443e-04 -5.27943e-04 6.95391e-04 1.20037e-03 -4.35944e-03 -3.63696e-03 1.77917e-02 1.99083e-02 -3.22879e-02 -5.02890e-02 
0.62500 -5.17432e-02 1.23489e-01 4.87565e-01 8.23337e-01 9.02258e-01 7.04660e-01 3.94804e-01 1.48588e-01 2.70448e-02 -6.27009e-03 -5.23968e-03 -8.19783e-04 3.91426e-04 -1.35970e-05 2.74562e-04 -1.81988e-04 -1.71081e-04 4.83586e-04 -4.78119e-04 7.31633e-05 4.22976e-04 -5.11627e-04 1.49225e-04 1.27359e-04 -3.68559e-04 8.53249e-04 1.26810e-03 -5.48782e-03 -2.96072e-03 1.99735e-02 1.94203e-02 -3.60281e-02 
0.65625 -3.96309e-02 -5.30244e-02 1.26568e-01 4.91638e-01 8.22807e-01 8.99366e-01 7.02603e-01 3.95102e-01 1.50119e-01 2.75437e-02 -6.23214e-03 -5.62739e-03 -8.30835e-04 2.74450e-04 7.84006e-05 3.40914e-04 -4.06321e-04 1.27984e-04 2.76544e-04 -5.09038e-04 3.41028e-04 7.23237e-05 -2.47601e-04 2.97731e-05 1.60346e-04 -5.16584e-04 1.33552e-03 9.97089e-04 -6.46884e-03 -2.17401e-03 2.21648e-02 1.86290e-02 
0.68750 1.75075e-02 -4.29168e-02 -5.44610e-02 1.30015e-01 4.95264e-01 8.22364e-01 8.96606e-01 7.00421e-01 3.95640e-01 1.51330e-01 2.82797e-02 -6.35552e-03 -5.89802e-03 -8.77198e-04 9.14903e-05 3.27221e-04 2.00002e-04 -4.60507e-04 3.98115e-04 -1.02475e-04 -1.91554e-04 1.79726e-04 1.24078e-04 -2.99544e-04 1.47009e-04 -6.30273e-06 -5.02428e-04 1.77795e-03 6.28152e-04 -7.43450e-03 -1.19624e-03 2.43097e-02 
0.71875 2.60276e-02 1.65290e-02 -4.63528e-02 -5.56609e-02 1.33572e-01 4.98493e-01 8.22181e-01 8.93644e-01 6.98510e-01 3.96027e-01 1.52542e-01 2.90470e-02 -6.56283e-03 -6.01337e-03 -1.08224e-03 -3.02170e-06 6.25237e-04 -1.72270e-04 -1.25696e-04 2.13231e-04 -6.92031e-05 -1.75233e-04 2.05767e-04 6.25309e-05 -2.76498e-04 2.28617e-04 -2.07719e-04 -3.90357e-04 2.16146e-03 2.34082e-04 -8.51162e-03 2.07308e-04 
0.75000 1.60484e-03 2.76173e-02 1.55786e-02 -5.00086e-02 -5.63715e-02 1.36843e-01 5.01757e-01 8.21891e-01 8.90741e-01 6.96738e-01 3.96271e-01 1.53842e-01 2.97193e-02 -6.74844e-03 -5.99217e-03 -1.57868e-03 3.14564e-04 4.65624e-04 -1.45798e-04 -5.98381e-05 1.61975e-04 -7.82806e-05 -1.57062e-04 2.49507e-04 -4.71858e-05 -1.58442e-04 1.76952e-04 -2.75585e-04 -4.09653e-04 2.78047e-03 -5.64904e-04 -9.24895e-03 
0.78125 -9.64967e-03 2.79588e-03 2.94155e-02 1.42444e-02 -5.34594e-02 -5.69369e-02 1.40023e-01 5.05004e-01 8.21450e-01 8.87998e-01 6.94997e-01 3.96415e-01 1.55312e-01 3.00525e-02 -6.49370e-03 -6.40347e-03 -1.71595e-03 4.07238e-04 3.81711e-04 -9.37366e-05 -5.93396e-05 1.82058e-04 -1.68447e-04 -2.61340e-05 1.38001e-04 2.98731e-05 -2.39197e-04 3.33412e-04 -5.84012e-04 -1.74962e-04 3.29031e-03 -1.55635e-03 
0.81250 -2.32814e-03 -1.01459e-02 4.15614e-03 3.11414e-02 1.26720e-02 -5.67004e-02 -5.74534e-02 1.43211e-01 5.08184e-01 8.20816e-01 8.85597e-01 6.92936e-01 3.96958e-01 1.56346e-01 3.06889e-02 -6.38728e-03 -6.79390e-03 -1.76788e-03 3.70844e-04 4.19152e-04 -1.54791e-04 7.13385e-05 3.49484e-05 -5.76300e-05 -1.06831e-04 2.23570e-04 -5.79773e-05 -2.05291e-04 4.66793e-04 -1.03675e-03 4.03261e-04 3.40667e-03 
0.84375 3.46823e-03 -3.07784e-03 -1.06667e-02 5.71805e-03 3.26927e-02 1.09539e-02 -5.97226e-02 -5.80691e-02 1.46696e-01 5.10863e-01 8.20553e-01 8.82915e-01 6.91158e-01 3.97391e-01 1.57299e-01 3.14655e-02 -6.44555e-03 -7.01436e-03 -1.96256e-03 4.72033e-04 2.90470e-04 -2.13033e-05 4.99199e-06 5.20393e-05 -4.87173e-05 -1.67124e-04 3.86581e-04 -3.36139e-04 1.30713e-04 2.37742e-04 -1.19644e-03 8.87520e-04 
0.87500 1.27824e-03 3.54577e-03 -3.88295e-03 -1.11776e-02 7.55323e-03 3.38327e-02 9.48880e-03 -6.30364e-02 -5.82030e-02 1.49870e-01 5.13591e-01 8.20249e-01 8.80185e-01 6.89618e-01 3.97591e-01 1.58414e-01 3.20798e-02 -6.35059e-03 -7.38023e-03 -1.98950e-03 4.06228e-04 2.80401e-04 7.37143e-05 -1.18059e-04 2.20930e-04 -2.75108e-04 6.66539e-05 2.44673e-04 -3.71626e-04 3.64534e-04 -5.93346e-05 -1.20128e-03 
0.90625 -1.10644e-03 1.53169e-03 3.81027e-03 -5.05986e-03 -1.12111e-02 9.08808e-03 3.51551e-02 7.72996e-03 -6.61847e-02 -5.81625e-02 1.52842e-01 5.16449e-01 8.19680e-01 8.77723e-01 6.87958e-01 3.97906e-01 1.59372e-01 3.28212e-02 -6.36293e-03 -7.67335e-03 -1.99725e-03 2.17613e-04 4.76244e-04 -9.34463e-05 4.01636e-05 1.35216e-04 -3.24136e-04 2.43230e-04 3.03736e-05 -2.51417e-04 4.59286e-04 -3.34070e-04 
0.93750 -3.14965e-04 -1.32179e-03 2.16382e-03 3.67980e-03 -6.02982e-03 -1.12530e-02 1.06578e-02 3.64892e-02 5.67121e-03 -6.89805e-02 -5.82683e-02 1.55990e-01 5.19056e-01 8.19204e-01 8.75226e-01 6.86422e-01 3.98141e-01 1.60313e-01 3.36321e-02 -6.53354e-03 -7.71868e-03 -2.27916e-03 2.84767e-04 4.68768e-04 -1.45013e-04 1.89027e-04 -3.77912e-05 -2.35366e-04 3.09158e-04 -1.79812e-04 1.02018e-05 2.98691e-04 
0.96875 4.39270e-04 -5.65496e-04 -1.33503e-03 2.77616e-03 3.37827e-03 -6.82055e-03 -1.14443e-02 1.25372e-02 3.74565e-02 3.73584e-03 -7.18161e-02 -5.81940e-02 1.59050e-01 5.21604e-01 8.18700e-01 8.72740e-01 6.85043e-01 3.98160e-01 1.61486e-01 3.41709e-02 -6.46738e-03 -7.90891e-03 -2.50332e-03 3.79688e-04 3.66039e-04 -8.48208e-05 2.75273e-04 -2.58171e-04 4.01321e-05 7.04958e-05 -3.10949e-05 -7.23884e-05 
1.00000 -7.65483e-05 6.05400e-04 -9.86814e-04 -1.05445e-03 3.10905e-03 3.27289e-03 -7.84595e-03 -1.13646e-02 1.43432e-02 3.83511e-02 1.73193e-03 -7.45775e-02 -5.79833e-02 1.61983e-01 5.24220e-01 8.17960e-01 8.70564e-01 6.83453e-01 3.98356e-01 1.62531e-01 3.47163e-02 -6.33399e-03 -8.18373e-03 -2.65374e-03 4.67002e-04 1.54968e-04 2.11597e-04 2.42191e-05 -1.01387e-04 -2.97651e-05 9.55095e-05 -5.03582e-05 
