E4
1.000000 0.062500 1.000000 1.000000 0.031250 0.000000 0.000000
0.00000 1.60381e-28 3.72336e-25 5.24289e-22 4.47773e-19 2.31952e-16 7.28772e-14 1.38879e-11 1.60523e-09 1.12535e-07 4.78512e-06 1.23410e-04 1.93045e-03 1.83156e-02 1.05399e-01 3.67879e-01 7.78801e-01 1.00000e+00 7.78801e-01 3.67879e-01 1.05399e-01 1.83156e-02 1.93045e-03 1.23410e-04 4.78512e-06 1.12535e-07 1.60523e-09 1.38879e-11 7.28772e-14 2.31952e-16 4.47773e-19 5.24289e-22 3.72336e-25 
0.03125 2.66666e-13 3.68857e-12 2.81531e-11 -5.74104e-10 -7.57503e-09 5.16528e-08 7.04959e-07 -1.89073e-06 -2.16894e-05 4.14075e-05 3.84782e-04 8.75899e-04 3.06184e-03 1.48439e-02 9.36369e-02 3.75265e-01 8.04506e-01 9.92141e-01 7.55411e-01 3.69598e-01 1.15376e-01 2.01413e-02 3.87993e-04 -6.36102e-04 -1.07766e-04 2.36659e-06 1.98015e-06 8.38411e-08 -1.32457e-08 -1.03432e-09 1.33691e-11 3.44055e-12 
0.06250 1.13382e-09 -2.66691e-09 5.37861e-09 4.86402e-08 -2.94897e-07 5.39126e-07 -1.35524e-07 -2.32185e-06 3.00743e-05 -1.32019e-04 1.55281e-04 8.16193e-04 9.95630e-04 6.54942e-03 8.60340e-03 7.92336e-02 3.91460e-01 8.25718e-01 9.78804e-01 7.38150e-01 3.71809e-01 1.22800e-01 2.22214e-02 -5.61117e-04 -1.44459e-03 -3.14900e-04 1.97560e-06 1.26391e-05 1.53609e-06 -2.34740e-07 -5.38802e-08 2.94392e-09 
0.09375 -3.60831e-08 5.38732e-08 -9.16352e-08 -7.29422e-08 1.56343e-06 -7.14075e-06 1.99259e-05 -3.80319e-05 3.12859e-05 1.44710e-04 -6.82948e-04 1.29038e-03 -3.29452e-04 1.97577e-03 1.31120e-02 -4.94675e-03 6.85545e-02 4.13365e-01 8.39870e-01 9.64669e-01 7.24953e-01 3.73656e-01 1.28819e-01 2.43948e-02 -1.15623e-03 -2.22368e-03 -5.82747e-04 -1.61928e-05 2.80318e-05 6.13755e-06 -2.59686e-07 -2.83615e-07 
0.12500 -5.82150e-07 -5.88764e-07 1.85302e-06 -5.39952e-06 1.16180e-05 -1.48237e-05 -7.93345e-06 1.08122e-04 -3.53881e-04 7.15648e-04 -7.40697e-04 -4.21980e-04 3.03019e-03 -4.97711e-03 8.64691e-03 1.73028e-02 -2.40385e-02 6.51054e-02 4.36021e-01 8.48610e-01 9.51370e-01 7.14261e-01 3.75118e-01 1.33940e-01 2.65677e-02 -1.50771e-03 -2.94764e-03 -8.90061e-04 -5.54732e-05 4.43581e-05 1.39816e-05 4.59493e-07 
0.15625 3.85857e-06 -4.68198e-06 5.83235e-06 -4.45291e-06 -1.57664e-05 8.24533e-05 -2.24981e-04 4.22034e-04 -4.98170e-04 3.98536e-05 1.37596e-03 -3.25088e-03 3.49938e-03 5.95357e-04 -8.85957e-03 2.06403e-02 1.49180e-02 -4.38002e-02 6.78135e-02 4.57067e-01 8.53829e-01 9.39202e-01 7.05217e-01 3.76286e-01 1.38416e-01 2.86980e-02 -1.67982e-03 -3.61007e-03 -1.22196e-03 -1.15416e-04 5.89383e-05 2.40508e-05 
0.18750 4.02893e-05 5.68066e-06 -1.79787e-05 6.18089e-05 -1.53589e-04 2.78359e-04 -3.45572e-04 1.42740e-04 5.90253e-04 -1.82655e-03 2.69686e-03 -1.42184e-03 -2.99826e-03 8.15275e-03 -6.99040e-03 -7.34503e-03 3.35265e-02 6.31832e-03 -6.12773e-02 7.45937e-02 4.75882e-01 8.56783e-01 9.28089e-01 6.97347e-01 3.77232e-01 1.42397e-01 3.07685e-02 -1.71558e-03 -4.21128e-03 -1.56846e-03 -1.92920e-04 6.71116e-05 
0.21875 5.96899e-05 9.93720e-05 -1.00069e-04 1.93699e-04 -2.53533e-04 1.60870e-04 2.46552e-04 -1.03052e-03 1.85768e-03 -1.80229e-03 -2.15739e-04 3.92688e-03 -6.14762e-03 2.16814e-03 8.77042e-03 -1.60330e-02 8.40164e-06 4.39318e-02 -6.39930e-03 -7.54928e-02 8.37926e-02 4.92517e-01 8.58236e-01 9.17896e-01 6.90363e-01 3.78007e-01 1.45983e-01 3.27722e-02 -1.64446e-03 -4.75628e-03 -1.91945e-03 -2.87109e-04 
0.25000 -4.80830e-04 2.17676e-04 -1.24671e-04 1.68334e-04 8.12709e-05 -5.89966e-04 1.24623e-03 -1.57795e-03 8.31469e-04 1.38021e-03 -4.00211e-03 4.16490e-03 6.65495e-04 -8.20015e-03 9.50199e-03 4.08589e-03 -2.29375e-02 1.13004e-02 5.05133e-02 -2.12581e-02 -8.64625e-02 9.43306e-02 5.07209e-01 8.58655e-01 9.08497e-01 6.84077e-01 3.78648e-01 1.49243e-01 3.47093e-02 -1.48838e-03 -5.25794e-03 -2.23720e-03 
0.28125 -2.77431e-03 -3.84996e-04 7.08025e-05 -2.52410e-04 8.52044e-04 -1.24578e-03 1.09792e-03 6.94949e-05 -2.09016e-03 3.57552e-03 -2.35188e-03 -2.35123e-03 7.17193e-03 -5.41324e-03 -5.54676e-03 1.53918e-02 -4.39465e-03 -2.59948e-02 2.43525e-02 5.32154e-02 -3.68728e-02 -9.45542e-02 1.05537e-01 5.20219e-01 8.58343e-01 8.99783e-01 6.78356e-01 3.79181e-01 1.52220e-01 3.66085e-02 -1.33344e-03 -5.57661e-03 
0.31250 -6.11569e-03 -3.15594e-03 -1.05207e-04 -8.83678e-04 1.15718e-03 -4.94969e-04 -8.10638e-04 2.39420e-03 -2.84701e-03 7.93649e-04 3.29628e-03 -5.90725e-03 2.58569e-03 6.14170e-03 -1.08859e-02 8.57235e-04 1.77788e-02 -1.44367e-02 -2.50147e-02 3.75195e-02 5.25309e-02 -5.23794e-02 -1.00208e-01 1.16997e-01 5.31781e-01 8.57505e-01 8.91657e-01 6.73127e-01 3.79570e-01 1.55072e-01 3.82671e-02 -8.78556e-04 
0.34375 -3.20037e-04 -7.12502e-03 -2.39614e-03 -1.53816e-03 -1.68482e-05 1.45245e-03 -2.32404e-03 1.96260e-03 4.66691e-04 -3.69270e-03 4.54821e-03 -5.04217e-04 -6.18713e-03 7.76868e-03 1.37872e-03 -1.33901e-02 8.86956e-03 1.62630e-02 -2.41985e-02 -2.05702e-02 4.97691e-02 4.90992e-02 -6.72721e-02 -1.03833e-01 1.28441e-01 5.42117e-01 8.56238e-01 8.84140e-01 6.68151e-01 3.80087e-01 1.57490e-01 4.00349e-02 
0.37500 4.25619e-02 -1.09847e-03 -6.39798e-03 -3.07092e-03 -2.58598e-03 2.08069e-03 -9.07001e-04 -1.36694e-03 3.66886e-03 -3.18256e-03 -1.03054e-03 5.87375e-03 -5.34293e-03 -2.80693e-03 1.06140e-02 -5.20481e-03 -1.22471e-02 1.65194e-02 1.14205e-02 -3.25030e-02 -1.34800e-02 6.05379e-02 4.35283e-02 -8.12549e-02 -1.05830e-01 1.39786e-01 5.51262e-01 8.54853e-01 8.76884e-01 6.63686e-01 3.80520e-01 1.59422e-01 
0.40625 1.62686e-01 4.35100e-02 -9.22618e-04 -5.30905e-03 -5.54706e-03 -9.50900e-04 2.02965e-03 -3.17756e-03 1.92926e-03 2.12041e-03 -5.30125e-03 3.35000e-03 3.71895e-03 -8.53026e-03 2.67194e-03 1.01202e-02 -1.15793e-02 -7.94752e-03 2.24994e-02 4.19889e-03 -3.87506e-02 -4.53610e-03 6.95374e-02 3.64161e-02 -9.43041e-02 -1.06323e-01 1.50690e-01 5.59641e-01 8.53190e-01 8.69864e-01 6.60090e-01 3.79823e-01 
0.43750 3.80280e-01 1.65482e-01 4.34302e-02 1.44294e-03 -6.65409e-03 -6.64395e-03 1.46845e-03 -7.24434e-04 -2.65733e-03 4.59943e-03 -1.67387e-03 -4.24934e-03 6.79303e-03 -8.03896e-04 -8.73214e-03 8.23658e-03 6.60696e-03 -1.63141e-02 -1.50161e-03 2.61741e-02 -4.46548e-03 -4.26793e-02 5.47150e-03 7.68519e-02 2.79958e-02 -1.06121e-01 -1.05793e-01 1.61185e-01 5.67605e-01 8.50546e-01 8.64464e-01 6.55289e-01 
0.46875 6.50440e-01 3.82189e-01 1.65868e-01 4.53278e-02 3.28466e-03 -9.47893e-03 -4.93601e-03 1.72029e-03 -3.71355e-03 4.54171e-04 4.54035e-03 -5.24164e-03 -6.20256e-04 7.65808e-03 -5.78066e-03 -6.02651e-03 1.23418e-02 1.07925e-03 -1.87218e-02 6.05921e-03 2.73026e-02 -1.36192e-02 -4.45054e-02 1.62022e-02 8.23103e-02 1.87533e-02 -1.16602e-01 -1.04976e-01 1.72347e-01 5.73536e-01 8.49081e-01 8.58633e-01 
0.50000 8.51262e-01 6.47970e-01 3.82633e-01 1.65886e-01 4.92027e-02 2.49795e-03 -1.08512e-02 -2.23058e-03 -7.72472e-04 -4.53327e-03 4.01353e-03 1.79102e-03 -6.69615e-03 3.85720e-03 5.73004e-03 -9.57006e-03 -1.34854e-03 1.42253e-02 -5.38542e-03 -1.85561e-02 1.36551e-02 2.62216e-02 -2.28207e-02 -4.42564e-02 2.72456e-02 8.56717e-02 9.81356e-03 -1.27200e-01 -1.02141e-01 1.82130e-01 5.79097e-01 8.48366e-01 
0.53125 8.45725e-01 8.44905e-01 6.46649e-01 3.80736e-01 1.68083e-01 5.23918e-02 1.24139e-04 -9.50830e-03 -1.04848e-03 -4.32192e-03 -2.67094e-03 5.97619e-03 -2.19063e-03 -5.50054e-03 7.47802e-03 1.81596e-03 -1.13149e-02 4.22225e-03 1.36006e-02 -1.16169e-02 -1.62331e-02 2.07403e-02 2.32058e-02 -3.18204e-02 -4.15498e-02 3.71328e-02 8.87312e-02 -5.41471e-04 -1.36195e-01 -9.84362e-02 1.90243e-01 5.86095e-01 
0.56250 5.92568e-01 8.41511e-01 8.41156e-01 6.43746e-01 3.78686e-01 1.72224e-01 5.30870e-02 -1.39254e-03 -6.58702e-03 -2.41107e-03 -6.83474e-03 7.63863e-04 5.47908e-03 -5.68247e-03 -2.28242e-03 9.27894e-03 -3.04236e-03 -1.06552e-02 9.46005e-03 1.09011e-02 -1.69449e-02 -1.22994e-02 2.72933e-02 1.77235e-02 -3.88924e-02 -3.84362e-02 4.74591e-02 9.02768e-02 -1.17839e-02 -1.42654e-01 -9.61832e-02 1.99375e-01 
0.59375 2.10047e-01 5.96418e-01 8.38371e-01 8.38451e-01 6.38723e-01 3.78662e-01 1.76125e-01 5.18164e-02 -6.03790e-04 -4.10880e-03 -5.61866e-03 -7.14186e-03 4.09038e-03 2.92744e-03 -7.61554e-03 1.99042e-03 8.80202e-03 -7.60032e-03 -7.97069e-03 1.35363e-02 6.95406e-03 -2.16109e-02 -6.07562e-03 3.14387e-02 1.19491e-02 -4.54057e-02 -3.43414e-02 5.83810e-02 8.88731e-02 -2.13213e-02 -1.49071e-01 -9.41625e-02 
0.62500 -9.00018e-02 2.19957e-01 5.98495e-01 8.37512e-01 8.34430e-01 6.33344e-01 3.80761e-01 1.78026e-01 5.04063e-02 2.23871e-03 -3.50441e-03 -9.09780e-03 -5.39339e-03 6.14627e-03 -8.17738e-04 -7.42278e-03 6.09696e-03 6.30057e-03 -1.08321e-02 -4.36332e-03 1.69531e-02 9.52979e-04 -2.37039e-02 2.98049e-04 3.42209e-02 6.00416e-03 -5.22072e-02 -2.74892e-02 6.73107e-02 8.66292e-02 -2.95769e-02 -1.56765e-01 
0.65625 -1.63998e-01 -8.38068e-02 2.27395e-01 6.01142e-01 8.37697e-01 8.28400e-01 6.29547e-01 3.83470e-01 1.77720e-01 5.04816e-02 5.73646e-03 -4.89925e-03 -1.16155e-02 -2.31517e-03 6.25873e-03 -4.60852e-03 -5.16147e-03 8.78023e-03 3.13024e-03 -1.34640e-02 1.05350e-03 1.78774e-02 -5.15375e-03 -2.38569e-02 6.01267e-03 3.71138e-02 -2.05361e-03 -5.69834e-02 -1.94439e-02 7.39145e-02 8.55134e-02 -3.89753e-02 
0.68750 -5.01380e-02 -1.68762e-01 -7.77013e-02 2.33018e-01 6.05573e-01 8.36952e-01 8.21458e-01 6.27980e-01 3.85058e-01 1.76367e-01 5.24483e-02 8.61610e-03 -7.72439e-03 -1.24111e-02 1.07362e-03 4.22810e-03 -6.93639e-03 -2.40289e-03 1.09253e-02 -1.60424e-03 -1.38491e-02 6.66040e-03 1.64673e-02 -9.93423e-03 -2.40391e-02 1.29971e-02 3.83030e-02 -1.13219e-02 -5.87533e-02 -1.26074e-02 8.04715e-02 8.44960e-02 
0.71875 8.14835e-02 -6.13514e-02 -1.71132e-01 -7.32921e-02 2.38702e-01 6.11176e-01 8.34226e-01 8.15337e-01 6.27781e-01 3.84853e-01 1.75245e-01 5.59062e-02 1.00601e-02 -1.11482e-02 -1.09802e-02 3.01280e-03 1.78378e-03 -8.75784e-03 1.66886e-03 1.11692e-02 -6.71483e-03 -1.16435e-02 1.05107e-02 1.50052e-02 -1.51259e-02 -2.30948e-02 2.10674e-02 3.63161e-02 -1.92254e-02 -5.94786e-02 -6.71315e-03 8.82617e-02 
0.75000 9.61396e-02 7.60065e-02 -7.07873e-02 -1.72766e-01 -7.04777e-02 2.45840e-01 6.16322e-01 8.30032e-01 8.10948e-01 6.27708e-01 3.83086e-01 1.75187e-01 6.02676e-02 9.22802e-03 -1.31828e-02 -9.13291e-03 4.42873e-03 -1.71681e-03 -9.07402e-03 6.35648e-03 8.68279e-03 -9.88213e-03 -9.23479e-03 1.39855e-02 1.30807e-02 -2.12457e-02 -1.92429e-02 2.77424e-02 3.26550e-02 -2.53017e-02 -6.09736e-02 2.29409e-04 
0.78125 9.17454e-03 1.02248e-01 6.93829e-02 -7.80662e-02 -1.75310e-01 -6.78237e-02 2.54314e-01 6.19903e-01 8.25529e-01 8.08208e-01 6.26965e-01 3.80056e-01 1.77378e-01 6.33651e-02 7.91617e-03 -1.46171e-02 -6.48816e-03 4.74138e-03 -6.08020e-03 -6.63262e-03 9.13314e-03 5.74914e-03 -1.19938e-02 -6.97195e-03 1.82118e-02 8.79981e-03 -2.61473e-02 -1.34216e-02 3.19354e-02 2.94902e-02 -3.12847e-02 -6.27570e-02 
0.81250 -6.31260e-02 1.92489e-02 1.05797e-01 6.33969e-02 -8.43600e-02 -1.79060e-01 -6.40632e-02 2.63093e-01 6.21873e-01 8.21413e-01 8.07143e-01 6.24041e-01 3.78039e-01 1.80143e-01 6.57456e-02 6.07533e-03 -1.53128e-02 -2.76780e-03 2.37734e-03 -8.74841e-03 -3.42126e-03 1.02986e-02 3.42438e-03 -1.46353e-02 -3.04587e-03 2.15658e-02 2.48635e-03 -2.82713e-02 -7.94492e-03 3.50050e-02 2.70248e-02 -3.85272e-02 
0.84375 -4.66823e-02 -6.09735e-02 2.86811e-02 1.07646e-01 5.87394e-02 -9.10597e-02 -1.83150e-01 -5.90439e-02 2.71650e-01 6.21864e-01 8.19473e-01 8.05457e-01 6.20378e-01 3.76824e-01 1.83156e-01 6.76984e-02 3.02861e-03 -1.35071e-02 -3.87174e-04 -1.12568e-03 -9.39180e-03 -1.09419e-03 1.17035e-02 1.70390e-04 -1.68271e-02 2.82278e-03 2.21950e-02 -3.62276e-03 -2.85167e-02 -3.64531e-03 3.85881e-02 2.38590e-02 
0.87500 1.86679e-02 -5.41515e-02 -5.68022e-02 3.64417e-02 1.09273e-01 5.47213e-02 -9.84043e-02 -1.87279e-01 -5.20462e-02 2.77996e-01 6.22084e-01 8.18596e-01 8.02952e-01 6.16693e-01 3.75747e-01 1.87386e-01 6.74186e-02 8.91078e-04 -1.01816e-02 -2.89152e-04 -3.66966e-03 -9.91480e-03 1.45725e-03 1.30641e-02 -4.82248e-03 -1.66141e-02 8.67409e-03 2.04924e-02 -8.18019e-03 -2.86624e-02 4.70337e-04 4.28998e-02 
0.90625 4.66611e-02 1.15588e-02 -5.96517e-02 -5.21230e-02 4.30613e-02 1.10976e-01 5.12962e-02 -1.07459e-01 -1.89357e-01 -4.50657e-02 2.82834e-01 6.23180e-01 8.17694e-01 8.00578e-01 6.11856e-01 3.76509e-01 1.91145e-01 6.52800e-02 1.14669e-03 -7.69314e-03 -7.22893e-04 -5.81688e-03 -1.07119e-02 5.44672e-03 1.25111e-02 -1.00289e-02 -1.38803e-02 1.27997e-02 1.82204e-02 -1.17121e-02 -2.94648e-02 5.84090e-03 
0.93750 1.27834e-02 4.84277e-02 4.00551e-03 -6.35908e-02 -4.72552e-02 4.83328e-02 1.14137e-01 4.63735e-02 -1.16574e-01 -1.89610e-01 -3.91942e-02 2.87572e-01 6.24028e-01 8.17913e-01 7.96871e-01 6.07038e-01 3.79340e-01 1.92531e-01 6.36986e-02 2.38069e-03 -6.09062e-03 -6.94434e-04 -9.02073e-03 -1.01713e-02 9.88585e-03 9.46155e-03 -1.35531e-02 -1.02157e-02 1.52390e-02 1.65992e-02 -1.56634e-02 -3.00758e-02 
0.96875 -2.89764e-02 1.99396e-02 4.85222e-02 -3.71339e-03 -6.55342e-02 -4.38242e-02 5.42547e-02 1.17566e-01 3.96544e-02 -1.24263e-01 -1.89680e-01 -3.32512e-02 2.91196e-01 6.25745e-01 8.18629e-01 7.91051e-01 6.04412e-01 3.81963e-01 1.92478e-01 6.33409e-02 3.12862e-03 -3.86419e-03 -1.41646e-03 -1.28709e-02 -7.32932e-03 1.28676e-02 5.19914e-03 -1.49657e-02 -7.18196e-03 1.73300e-02 1.52815e-02 -2.07808e-02 
1.00000 -2.58915e-02 -2.64315e-02 2.71372e-02 4.63189e-02 -9.83647e-03 -6.72966e-02 -4.11807e-02 6.16764e-02 1.19470e-01 3.28846e-02 -1.31642e-01 -1.88807e-01 -2.79272e-02 2.93798e-01 6.29554e-01 8.17571e-01 7.85079e-01 6.03611e-01 3.83147e-01 1.92758e-01 6.28226e-02 4.10316e-03 -8.65169e-04 -4.11163e-03 -1.56136e-02 -3.06568e-03 1.35482e-02 1.47569e-03 -1.53852e-02 -4.96031e-03 2.02220e-02 1.27480e-02 
