D3
1.000000 0.062500 1.000000 1.000000 0.031250 0.000000 0.000000
0.00000 1.60381e-28 3.72336e-25 5.24289e-22 4.47773e-19 2.31952e-16 7.28772e-14 1.38879e-11 1.60523e-09 1.12535e-07 4.78512e-06 1.23410e-04 1.93045e-03 1.83156e-02 1.05399e-01 3.67879e-01 7.78801e-01 1.00000e+00 7.78801e-01 3.67879e-01 1.05399e-01 1.83156e-02 1.93045e-03 1.23410e-04 4.78512e-06 1.12535e-07 1.60523e-09 1.38879e-11 7.28772e-14 2.31952e-16 4.47773e-19 5.24289e-22 3.72336e-25 
0.03125 2.46901e-12 4.14024e-14 7.31740e-15 7.84913e-13 5.33181e-11 2.15761e-09 5.16552e-08 7.30012e-07 6.20920e-06 3.35820e-05 1.08333e-04 -4.53016e-06 -7.77574e-04 1.08569e-02 1.07994e-01 3.97441e-01 7.91328e-01 9.59779e-01 7.50721e-01 3.87114e-01 1.26919e-01 1.93855e-02 -3.58643e-03 -2.27030e-03 -2.16095e-04 6.49297e-05 1.14490e-05 -6.01760e-07 -1.89289e-07 -4.08420e-09 9.80536e-10 7.72525e-11 
0.06250 2.98632e-08 -6.79392e-09 -2.98921e-10 3.48902e-10 2.06809e-09 1.09756e-08 2.63259e-08 -1.13163e-07 -6.27579e-08 6.84399e-06 6.57942e-05 3.78793e-04 7.97322e-05 -5.08775e-03 2.74027e-03 1.17267e-01 4.25400e-01 7.92045e-01 9.25856e-01 7.32467e-01 4.00449e-01 1.43206e-01 2.28898e-02 -6.88899e-03 -5.15785e-03 -1.07126e-03 1.34398e-04 1.23287e-04 1.34477e-05 -6.95363e-06 -1.11004e-06 2.80522e-07 
0.09375 -1.01039e-06 4.25792e-07 1.38932e-07 -2.93588e-08 -6.98345e-09 3.59096e-09 4.80203e-08 1.66667e-07 -5.14225e-07 -5.73589e-07 -1.45196e-05 8.97526e-05 1.06592e-03 -6.15985e-05 -1.16691e-02 -3.28971e-03 1.31566e-01 4.47936e-01 7.86883e-01 8.98217e-01 7.19021e-01 4.09874e-01 1.56475e-01 2.75647e-02 -8.83081e-03 -8.00068e-03 -2.29740e-03 5.59411e-05 2.67422e-04 7.15687e-05 -6.44856e-06 -7.24988e-06 
0.12500 -1.45625e-05 -5.09711e-06 2.13947e-07 5.06940e-07 6.47979e-08 -2.70786e-08 -3.78017e-08 2.60844e-07 -1.59960e-07 1.25480e-06 2.60043e-06 -1.21597e-04 2.51035e-04 2.31718e-03 -1.40970e-03 -1.96517e-02 -5.72843e-03 1.47867e-01 4.65030e-01 7.79302e-01 8.75476e-01 7.08129e-01 4.16763e-01 1.67762e-01 3.27151e-02 -9.81753e-03 -1.05976e-02 -3.74067e-03 -2.00642e-04 3.99397e-04 1.68439e-04 1.07955e-05 
0.15625 4.88960e-05 -1.82780e-05 -1.17271e-05 -1.45850e-06 8.31882e-07 3.66434e-07 -6.12062e-08 5.32721e-08 4.24765e-07 -3.01193e-06 2.20293e-05 -3.25382e-05 -3.42558e-04 8.67568e-04 3.72820e-03 -4.45042e-03 -2.75947e-02 -4.77075e-03 1.64157e-01 4.77775e-01 7.70997e-01 8.56320e-01 6.98770e-01 4.21984e-01 1.77586e-01 3.79998e-02 -1.00967e-02 -1.28856e-02 -5.30036e-03 -6.21722e-04 4.90137e-04 2.90480e-04 
0.18750 4.23658e-04 1.07978e-04 -1.46411e-05 -1.96162e-05 -5.01771e-06 7.21180e-07 7.85815e-07 -9.63126e-08 1.24365e-06 -4.27216e-06 2.79479e-06 6.78573e-05 -2.01884e-04 -5.15079e-04 2.06182e-03 4.68387e-03 -8.94045e-03 -3.45106e-02 -1.25258e-03 1.79451e-01 4.87318e-01 7.62697e-01 8.39794e-01 6.90463e-01 4.26055e-01 1.86254e-01 4.32529e-02 -9.83983e-03 -1.48598e-02 -6.90624e-03 -1.18206e-03 5.23183e-04 
0.21875 4.90943e-04 5.56017e-04 1.85608e-04 -1.17305e-06 -2.70889e-05 -1.04328e-05 -1.70221e-07 8.08315e-07 1.34163e-06 6.69530e-07 -1.57804e-05 4.55243e-05 8.11688e-05 -5.27200e-04 -4.06766e-04 3.65897e-03 4.78303e-03 -1.43280e-02 -3.99734e-02 3.95929e-03 1.93405e-01 4.94552e-01 7.54683e-01 8.25250e-01 6.82954e-01 4.29296e-01 1.93977e-01 4.83934e-02 -9.17406e-03 -1.65369e-02 -8.50997e-03 -1.85506e-03 
0.25000 -2.61628e-03 3.91710e-04 6.78118e-04 2.78067e-04 2.34169e-05 -3.24870e-05 -1.72051e-05 -2.56148e-06 9.81104e-07 5.04727e-06 -1.01136e-05 -1.52611e-05 1.26711e-04 -1.70688e-05 -9.15614e-04 1.14705e-04 5.35583e-03 3.91247e-03 -2.00689e-02 -4.39381e-02 1.01874e-02 2.05996e-01 5.00105e-01 7.47040e-01 8.12255e-01 6.76084e-01 4.31909e-01 2.00912e-01 5.33812e-02 -8.19529e-03 -1.79412e-02 -1.00790e-02 
0.28125 -1.15923e-02 -3.44436e-03 2.27415e-04 7.82892e-04 3.81192e-04 5.94133e-05 -3.42087e-05 -2.49388e-05 -6.92865e-06 3.72036e-06 5.05558e-06 -3.03706e-05 2.24130e-05 2.05930e-04 -2.61415e-04 -1.22751e-03 1.04475e-03 6.87316e-03 2.15962e-03 -2.57567e-02 -4.65470e-02 1.69636e-02 2.17323e-01 5.04410e-01 7.39782e-01 8.00507e-01 6.69745e-01 4.34034e-01 2.07181e-01 5.81978e-02 -6.97656e-03 -1.90987e-02 
0.31250 -2.00345e-02 -1.30363e-02 -4.32115e-03 2.08398e-06 8.65335e-04 4.90801e-04 1.06477e-04 -3.09545e-05 -3.37724e-05 -1.14408e-05 8.42141e-06 -6.47646e-06 -4.46408e-05 1.03877e-04 2.27779e-04 -6.26346e-04 -1.34572e-03 2.28482e-03 8.02321e-03 -2.95930e-04 -3.11352e-02 -4.80052e-02 2.39834e-02 2.27526e-01 5.07763e-01 7.32895e-01 7.89786e-01 6.63855e-01 4.35769e-01 2.12882e-01 6.28358e-02 -5.57381e-03 
0.34375 -4.03029e-03 -2.07723e-02 -1.44032e-02 -5.23145e-03 -2.79138e-04 9.22089e-04 6.03006e-04 1.63997e-04 -2.24509e-05 -4.28358e-05 -1.35769e-05 9.47930e-06 -3.01905e-05 -3.32366e-05 2.11324e-04 1.51679e-04 -1.04728e-03 -1.20703e-03 3.70025e-03 8.71367e-03 -3.25720e-03 -3.60658e-02 -4.85184e-02 3.10548e-02 2.36742e-01 5.10377e-01 7.26356e-01 7.79931e-01 6.58350e-01 4.37188e-01 2.18093e-01 6.72946e-02 
0.37500 7.15776e-02 -2.37967e-03 -2.13337e-02 -1.56890e-02 -6.16268e-03 -6.10625e-04 9.51051e-04 7.14572e-04 2.30735e-04 -8.92225e-06 -4.95886e-05 -1.34017e-05 2.74709e-07 -5.74166e-05 1.55230e-05 3.12513e-04 -3.47511e-05 -1.44975e-03 -8.01382e-04 5.16136e-03 8.92440e-03 -6.54744e-03 -4.04883e-02 -4.82682e-02 3.80580e-02 2.45091e-01 5.12405e-01 7.20140e-01 7.70813e-01 6.53180e-01 4.38349e-01 2.22878e-01 
0.40625 2.27289e-01 7.56904e-02 -6.48454e-04 -2.17379e-02 -1.68922e-02 -7.10451e-03 -9.86744e-04 9.51243e-04 8.22808e-04 3.04705e-04 1.00918e-05 -5.13228e-05 -1.42987e-05 -2.20082e-05 -7.47223e-05 1.00111e-04 3.74626e-04 -3.17898e-04 -1.77016e-03 -1.56325e-04 6.56341e-03 8.68019e-03 -1.00230e-02 -4.43905e-02 -4.74065e-02 4.49193e-02 2.52682e-01 5.13964e-01 7.14224e-01 7.62331e-01 6.48304e-01 4.39294e-01 
0.43750 4.40058e-01 2.31369e-01 7.96396e-02 1.14240e-03 -2.20023e-02 -1.80131e-02 -8.04854e-03 -1.40204e-03 9.22660e-04 9.25163e-04 3.83799e-04 3.60124e-05 -4.70140e-05 -2.10174e-05 -5.45142e-05 -7.01166e-05 2.07758e-04 3.73903e-04 -6.67736e-04 -1.96495e-03 6.80450e-04 7.83154e-03 8.02928e-03 -1.35736e-02 -4.77871e-02 -4.60574e-02 5.15944e-02 2.59606e-01 5.15140e-01 7.08583e-01 7.54405e-01 6.43689e-01 
0.46875 6.39307e-01 4.40669e-01 2.35155e-01 8.34326e-02 2.97617e-03 -2.21424e-02 -1.90530e-02 -8.98806e-03 -1.85124e-03 8.65882e-04 1.01912e-03 4.66538e-04 7.04465e-05 -3.79561e-05 -3.70579e-05 -9.00136e-05 -3.71646e-05 3.19841e-04 2.99212e-04 -1.04799e-03 -2.01135e-03 1.65457e-03 8.91799e-03 7.02902e-03 -1.71176e-02 -5.07071e-02 -4.43214e-02 5.80581e-02 2.65940e-01 5.16004e-01 7.03197e-01 7.46968e-01 
0.50000 7.39964e-01 6.35135e-01 4.41149e-01 2.38680e-01 8.70771e-02 4.83943e-03 -2.21718e-02 -2.00143e-02 -9.91767e-03 -2.32929e-03 7.81674e-04 1.10249e-03 5.52320e-04 1.14161e-04 -2.70466e-05 -6.30597e-05 -1.19681e-04 2.39302e-05 4.17276e-04 1.51134e-04 -1.42365e-03 -1.90370e-03 2.71341e-03 9.79657e-03 5.73764e-03 -2.05961e-02 -5.31857e-02 -4.22797e-02 6.42973e-02 2.71752e-01 5.16609e-01 6.98046e-01 
0.53125 6.93113e-01 7.33348e-01 6.31152e-01 4.41518e-01 2.41968e-01 9.05805e-02 6.72141e-03 -2.21026e-02 -2.08999e-02 -1.08330e-02 -2.83151e-03 6.70799e-04 1.17375e-03 6.41094e-04 1.66521e-04 -1.74644e-05 -9.66327e-05 -1.35705e-04 1.07464e-04 4.84212e-04 -6.11123e-05 -1.76518e-03 -1.64867e-03 3.81048e-03 1.04569e-02 4.20981e-03 -2.39681e-02 -5.52604e-02 -3.99981e-02 7.03071e-02 2.77098e-01 5.16998e-01 
0.56250 5.17206e-01 6.88381e-01 7.27080e-01 6.27342e-01 4.41790e-01 2.45045e-01 9.39501e-02 8.61343e-03 -2.19455e-02 -2.17130e-02 -1.17305e-02 -3.35379e-03 5.34086e-04 1.23226e-03 7.32800e-04 2.25580e-04 -1.15080e-05 -1.33218e-04 -1.32907e-04 2.04343e-04 5.09782e-04 -3.23154e-04 -2.05022e-03 -1.26071e-03 4.90704e-03 1.08995e-02 2.49471e-03 -2.72056e-02 -5.69684e-02 -3.75296e-02 7.60881e-02 2.82030e-01 
0.59375 2.86589e-01 5.17262e-01 6.83836e-01 7.21125e-01 6.23690e-01 4.41979e-01 2.47928e-01 9.71929e-02 1.05085e-02 -2.17103e-02 -2.24568e-02 -1.26073e-02 -3.89258e-03 3.72599e-04 1.27806e-03 8.26903e-04 2.88620e-04 -9.97907e-06 -1.67333e-04 -1.09259e-04 3.04208e-04 4.88353e-04 -6.18438e-04 -2.26356e-03 -7.58447e-04 5.97223e-03 1.11324e-02 6.35409e-04 -3.02905e-02 -5.83450e-02 -3.49174e-02 8.16442e-02 
0.62500 8.69816e-02 2.90814e-01 5.17190e-01 6.79465e-01 7.15456e-01 6.20183e-01 4.42095e-01 2.50636e-01 1.00316e-01 1.24008e-02 -2.14054e-02 -2.31346e-02 -1.34613e-02 -4.44488e-03 1.87765e-04 1.31164e-03 9.22206e-04 3.52811e-04 -1.21293e-05 -1.93703e-04 -6.56234e-05 3.97096e-04 4.18887e-04 -9.30375e-04 -2.39637e-03 -1.62202e-04 6.98242e-03 1.11678e-02 -1.33104e-03 -3.32120e-02 -5.94232e-02 -3.21968e-02 
0.65625 -2.93963e-02 9.21077e-02 2.94737e-01 5.17007e-01 6.75255e-01 7.10047e-01 6.16810e-01 4.42146e-01 2.53184e-01 1.03325e-01 1.42858e-02 -2.10383e-02 -2.37496e-02 -1.42910e-02 -5.00806e-03 -1.86244e-05 1.33354e-03 1.01693e-03 4.15761e-04 -1.59887e-05 -2.08052e-04 -5.06514e-06 4.74483e-04 3.03927e-04 -1.24371e-03 -2.44498e-03 5.07744e-04 7.92021e-03 1.10207e-02 -3.37315e-03 -3.59649e-02 -6.02334e-02 
0.68750 -6.08034e-02 -2.65393e-02 9.70310e-02 2.98385e-01 5.16732e-01 6.71197e-01 7.04876e-01 6.13560e-01 4.42142e-01 2.55586e-01 1.06226e-01 1.61596e-02 -2.06159e-02 -2.43049e-02 -1.50953e-02 -5.57969e-03 -2.44524e-04 1.34413e-03 1.10895e-03 4.75833e-04 -1.88605e-05 -2.07489e-04 6.79533e-05 5.29807e-04 1.48517e-04 -1.54523e-03 -2.40971e-03 1.23218e-03 8.77342e-03 1.07072e-02 -5.46443e-03 -3.85476e-02 
0.71875 -4.09617e-02 -6.11581e-02 -2.36449e-02 1.01760e-01 3.01786e-01 5.16376e-01 6.67280e-01 6.99924e-01 6.10426e-01 4.42089e-01 2.57854e-01 1.09026e-01 1.80192e-02 -2.01440e-02 -2.48038e-02 -1.58738e-02 -6.15748e-03 -4.87799e-04 1.34349e-03 1.19609e-03 5.32244e-04 -1.78181e-05 -1.90599e-04 1.48309e-04 5.58596e-04 -4.07535e-05 -1.82410e-03 -2.29382e-03 1.99354e-03 9.53409e-03 1.02438e-02 -7.58276e-03 
0.75000 -9.70983e-03 -4.32104e-02 -6.13202e-02 -2.07288e-02 1.06304e-01 3.04960e-01 5.15952e-01 6.63495e-01 6.95173e-01 6.07398e-01 4.41992e-01 2.59998e-01 1.11728e-01 1.98623e-02 -1.96279e-02 -2.52494e-02 -1.66262e-02 -6.73919e-03 -7.46394e-04 1.33140e-03 1.27641e-03 5.84993e-04 -1.01069e-05 -1.57302e-04 2.30809e-04 5.58344e-04 -2.56528e-04 -2.07183e-03 -2.10258e-03 2.77621e-03 1.01977e-02 9.64657e-03 
0.78125 8.93110e-03 -1.18305e-02 -4.52986e-02 -6.13100e-02 -1.78038e-02 1.10671e-01 3.07927e-01 5.15469e-01 6.59835e-01 6.90609e-01 6.04470e-01 4.41856e-01 2.62028e-01 1.14338e-01 2.16867e-02 -1.90722e-02 -2.56446e-02 -1.73525e-02 -7.32264e-03 -1.01846e-03 1.30739e-03 1.34832e-03 6.34693e-04 6.57962e-06 -1.08612e-04 3.10601e-04 5.28251e-04 -4.91263e-04 -2.28213e-03 -1.84256e-03 3.56656e-03 1.07622e-02 
0.81250 1.12278e-02 8.11192e-03 -1.39326e-02 -4.72320e-02 -6.11459e-02 -1.48804e-02 1.14869e-01 3.10705e-01 5.14936e-01 6.56292e-01 6.86218e-01 6.01635e-01 4.41687e-01 2.63952e-01 1.16861e-01 2.34912e-02 -1.84814e-02 -2.59925e-02 -1.80526e-02 -7.90581e-03 -1.30243e-03 1.27092e-03 1.41073e-03 6.82367e-04 3.39477e-05 -4.63579e-05 3.83447e-04 4.68917e-04 -7.37647e-04 -2.45069e-03 -1.52110e-03 4.35294e-03 
0.84375 5.12552e-03 1.15961e-02 7.20259e-03 -1.60060e-02 -4.90168e-02 -6.08443e-02 -1.19670e-02 1.18908e-01 3.13310e-01 5.14360e-01 6.52858e-01 6.81988e-01 5.98887e-01 4.41487e-01 2.65778e-01 1.19301e-01 2.52744e-02 -1.78591e-02 -2.62959e-02 -1.87266e-02 -8.48684e-03 -1.59702e-03 1.22141e-03 1.46303e-03 7.29250e-04 7.30507e-05 2.71003e-05 4.45850e-04 3.82019e-04 -9.88869e-04 -2.57487e-03 -1.14586e-03 
0.87500 -7.24493e-04 5.87616e-03 1.18700e-02 6.21559e-03 -1.80427e-02 -5.06598e-02 -6.04199e-02 -9.07078e-03 1.22794e-01 3.15754e-01 5.13746e-01 6.49528e-01 6.77908e-01 5.96222e-01 4.41260e-01 2.67513e-01 1.21662e-01 2.70357e-02 -1.72089e-02 -2.65575e-02 -1.93746e-02 -9.06408e-03 -1.90126e-03 1.15841e-03 1.50507e-03 7.76621e-04 1.24309e-04 1.09108e-04 4.95111e-04 2.70023e-04 -1.23878e-03 -2.65346e-03 
0.90625 -2.68637e-03 -2.64492e-04 6.59823e-03 1.20530e-02 5.16233e-03 -2.00363e-02 -5.21676e-02 -5.98858e-02 -6.19727e-03 1.26536e-01 3.18052e-01 5.13100e-01 6.46296e-01 6.73968e-01 5.93635e-01 4.41009e-01 2.69163e-01 1.23948e-01 2.87742e-02 -1.65342e-02 -2.67799e-02 -1.99967e-02 -9.63617e-03 -2.21436e-03 1.08162e-03 1.53707e-03 8.25674e-04 1.87576e-04 1.96916e-04 5.29301e-04 1.35926e-04 -1.48200e-03 
0.93750 -1.71390e-03 -2.67444e-03 2.27017e-04 7.28641e-03 1.21493e-02 4.05316e-03 -2.19820e-02 -5.35470e-02 -5.92539e-02 -3.35107e-03 1.30140e-01 3.20214e-01 5.12426e-01 6.43157e-01 6.70160e-01 5.91120e-01 4.40737e-01 2.70734e-01 1.26162e-01 3.04896e-02 -1.58376e-02 -2.69653e-02 -2.05930e-02 -1.02020e-02 -2.53575e-03 9.90954e-04 1.55957e-03 8.77430e-04 2.62227e-04 2.87834e-04 5.47212e-04 -1.69584e-05 
0.96875 -1.85168e-04 -1.93062e-03 -2.61922e-03 7.43344e-04 7.93657e-03 1.21635e-02 2.89747e-03 -2.38759e-02 -5.48048e-02 -5.85350e-02 -5.35879e-04 1.33614e-01 3.22250e-01 5.11729e-01 6.40106e-01 6.66475e-01 5.88675e-01 4.40445e-01 2.72231e-01 1.28308e-01 3.21814e-02 -1.51220e-02 -2.71159e-02 -2.11636e-02 -1.07606e-02 -2.86495e-03 8.86538e-04 1.57329e-03 9.32682e-04 3.47262e-04 3.79334e-04 5.48270e-04 
1.00000 5.32449e-04 -3.65229e-04 -2.12903e-03 -2.52277e-03 1.27830e-03 8.54556e-03 1.21003e-02 1.70368e-03 -2.57151e-02 -5.59475e-02 -5.77384e-02 2.24540e-03 1.36963e-01 3.24169e-01 5.11012e-01 6.37138e-01 6.62905e-01 5.86295e-01 4.40136e-01 2.73659e-01 1.30389e-01 3.38494e-02 -1.43897e-02 -2.72335e-02 -2.17089e-02 -1.13115e-02 -3.20154e-03 7.68713e-04 1.57910e-03 9.91972e-04 4.41400e-04 4.69133e-04 
